user speed delay
1 1 447
1 1 780
1 1 531
1 1 830
1 1 499
1 1 398
1 1 359
1 1 387
1 1 687
1 1 470
1 1 243
1 1 112
1 1 808
1 1 640
1 1 571
1 1 570
1 1 507
1 2 1219
1 2 588
1 2 1400
1 2 359
1 2 294
1 2 477
1 2 367
1 2 917
1 2 583
1 2 418
1 2 1187
1 2 1237
1 2 2087
1 2 430
1 2 1153
1 2 295
1 2 696
1 2 1585
1 3 1436
1 3 815
1 3 1435
1 3 775
1 3 405
1 3 1020
1 3 863
1 3 520
1 3 1072
1 3 849
1 3 1500
1 3 635
1 3 1190
1 3 1838
1 3 699
1 3 778
1 3 724
1 3 748
1 4 1867
1 4 1086
1 4 1593
1 4 2172
1 4 933
1 4 1557
1 4 653
1 4 1173
1 4 594
1 4 957
1 4 1317
1 4 896
1 4 1432
1 4 2445
1 4 852
1 4 1368
1 4 731
1 4 1206
1 5 994
1 5 462
1 5 1020
1 5 1598
1 5 1090
1 5 1521
1 5 733
1 5 1175
1 5 1587
1 5 1828
1 5 593
1 5 1166
1 5 1724
1 5 987
1 5 2341
1 5 2804
1 5 455
1 5 901
1 6 1699
1 6 862
1 6 551
1 6 936
1 6 1608
1 6 669
1 6 2180
1 6 2593
1 6 2992
1 6 973
1 6 624
1 6 1998
1 6 1371
1 6 1775
1 6 700
1 6 1113
1 6 1499
1 6 1925
1 7 1419
1 7 1882
1 7 2293
1 7 1086
1 7 1485
1 7 1857
1 7 2263
1 7 1138
1 7 1540
1 7 974
1 7 1520
1 7 986
1 7 1392
1 7 848
1 7 1213
1 7 2036
1 7 1186
1 7 1551
1 8 956
1 8 1450
1 8 781
1 8 1237
1 8 1682
1 8 668
1 8 1035
1 8 1381
1 8 754
1 8 1813
1 8 994
1 8 1375
1 8 553
1 8 925
1 8 1279
1 8 2105
1 8 2462
1 8 3067
1 9 1798
1 9 1287
1 9 1615
1 9 1955
1 9 2506
1 9 913
1 9 1263
1 9 1590
1 9 1933
1 9 1776
1 9 840
1 9 1160
1 9 1481
1 9 1821
1 9 2228
1 9 1089
1 9 1410
1 9 3023
1 10 1803
1 10 1505
1 10 2270
1 10 609
1 10 992
1 10 1333
1 10 1670
1 10 2010
1 10 2330
1 10 1845
1 10 1338
1 10 1707
1 10 549
1 10 904
1 10 1244
1 10 1588
1 10 1924
1 10 2678
2 1 349
2 1 1194
2 1 834
2 1 902
2 1 539
2 1 1542
2 1 746
2 1 986
2 1 128
2 1 878
2 1 529
2 1 1914
2 1 1831
2 1 721
2 1 1615
2 1 1333
2 1 1066
2 1 1260
2 1 976
2 1 1353
2 1 330
2 1 694
2 1 602
2 1 209
2 1 1585
2 1 1075
2 1 1318
2 1 1042
2 1 2337
2 1 702
2 1 409
2 1 514
2 1 928
2 1 534
2 1 2061
2 1 1857
2 1 610
2 1 1909
2 1 2731
2 1 2068
2 2 1423
2 2 970
2 2 2084
2 2 1375
2 2 515
2 2 1114
2 2 536
2 2 1815
2 2 2694
2 2 704
2 2 739
2 2 574
2 2 1176
2 2 1685
2 2 2016
2 2 2511
2 2 1898
2 2 2387
2 2 2559
2 4 2447
2 4 2836
2 4 2688
2 4 3105
2 4 4203
2 4 2801
2 4 2248
2 4 3125
2 4 2241
2 4 2424
2 4 2401
2 4 2803
2 4 2793
2 4 736
2 5 2869
2 5 2071
2 5 2595
2 5 3090
2 5 1728
2 5 2360
2 5 1838
2 5 2509
2 5 1040
2 5 1616
2 5 2439
2 5 2926
2 5 1423
2 5 2020
2 5 2529
2 5 3008
2 5 3555
2 5 2128
2 5 2636
2 5 3144
2 5 2805
2 5 1892
2 5 2396
2 5 2882
2 5 3356
2 5 1671
2 5 2139
2 5 2788
2 5 3254
2 5 4802
2 6 1496
2 6 2595
2 6 3030
2 6 2929
2 6 2982
2 6 2518
2 6 2357
2 6 2351
2 6 3152
2 6 3525
2 6 2446
2 6 2818
2 6 3078
2 6 2809
2 8 3452
2 8 2786
2 8 3539
2 8 2690
2 8 3654
2 8 2568
2 8 3343
2 8 3473
2 8 3194
2 8 3250
2 8 2947
2 8 3462
2 8 2797
2 8 2494
2 8 2810
2 10 2760
2 10 3267
2 10 2989
2 10 3654
2 10 4149
2 10 4003
2 10 4537
2 10 5229
2 10 5749
2 10 2198
2 10 2639
2 10 3067
2 10 3636
2 10 2158
2 10 2576
2 10 3018
2 10 3551
2 10 3998
2 10 5412
2 10 3027
2 10 3488
2 10 3903
2 10 4471
2 10 2801
2 10 3259
2 10 3699
2 10 4242
2 10 4704
2 10 5254
2 10 2909
2 10 3309
2 10 3701
2 10 2439
2 10 2877
2 10 3306
2 10 3923
2 10 4407
2 10 4836
2 10 5291
2 10 2034
2 10 2422
2 10 2827
2 10 3259
2 10 3747
2 10 2429
2 10 2875
2 10 3322
2 10 5061
2 10 5533
5 1 2519
5 1 2422
5 1 5635
5 1 3161
5 1 3267
5 1 3306
5 1 2400
5 1 4003
5 1 2438
5 1 4530
5 1 1136
5 1 1592
5 1 793
5 1 594
5 1 617
5 1 1680
5 1 1692
5 1 1240
5 1 3689
5 1 3519
5 1 1833
5 1 3174
5 1 1735
5 1 1942
5 1 1718
5 1 2152
5 1 1304
5 1 2757
5 1 821
5 1 2390
5 1 2579
5 1 2267
5 1 2272
5 1 2314
5 1 2434
5 1 2342
5 1 2745
5 1 2391
5 1 2553
5 1 1744
5 2 2174
5 2 3476
5 2 2745
5 2 2267
5 2 3515
5 2 2098
5 2 1482
5 2 2973
5 2 1550
5 2 2177
5 2 3364
5 2 2672
5 2 2299
5 2 3198
5 2 2930
5 2 4426
5 2 2971
5 2 2193
5 2 3093
5 2 3297
5 2 2496
5 2 3695
5 2 2864
5 2 1967
5 2 2474
5 2 3615
5 2 2894
5 2 2800
5 2 5580
5 2 3494
5 2 2361
5 2 2052
5 2 2994
5 2 2712
5 2 2488
5 2 3387
5 2 2540
5 2 3761
5 2 2331
5 2 3562
5 4 8124
5 4 8874
5 4 3278
5 4 4180
5 4 3677
5 4 3048
5 4 2558
5 4 4739
5 4 4956
5 4 2855
5 4 3577
5 5 7145
5 5 5744
5 5 7078
5 5 8436
5 5 7007
5 5 6366
5 5 5238
5 5 8481
5 5 6138
5 5 4404
5 5 4588
5 5 5402
5 5 4140
5 5 5041
5 5 6260
5 5 8228
5 5 6057
5 5 5282
5 5 6270
5 5 6381
5 5 4713
5 5 3004
5 5 4155
5 5 5192
5 5 4453
5 5 5621
5 5 7467
5 5 5254
5 5 6517
5 6 4128
5 6 3532
5 6 6953
5 6 6354
5 6 6979
5 6 5491
5 6 4072
5 6 7253
5 6 7666
5 6 4393
5 8 12404
5 8 6634
5 8 4162
5 8 8341
5 8 8302
5 8 4785
5 8 9782
5 8 4127
5 8 3519
5 8 7334
5 10 6746
5 10 7214
5 10 8776
5 10 10222
5 10 13161
5 10 15932
5 10 11840
5 10 12985
5 10 13269
5 10 7479
5 10 8234
5 10 10038
5 10 12274
5 10 10635
5 10 12587
5 10 11872
5 10 14410
5 10 16765
5 10 6143
5 10 6532
5 10 8541
5 10 9965
5 10 11449
5 10 13085
5 10 14742
5 10 7479
5 10 10265
5 10 4797
5 10 7264
5 10 7666
5 10 9294
5 10 10743
5 10 13042
5 10 7318
5 10 8252
5 10 10358
5 10 5911
5 10 8174
5 10 7588
5 10 8855
5 10 7506
5 10 6290
5 10 8702
5 10 7684
5 10 9265
5 10 7021
5 10 8449
5 10 7706
5 10 9201
5 10 10638
5 10 8054
5 10 8788
5 10 9055
5 10 5922
10 1 2690
10 1 3519
10 1 3266
10 1 2307
10 1 528
10 1 2183
10 1 5070
10 1 950
10 1 1493
10 1 1607
10 1 3228
10 1 2522
10 1 2528
10 1 2571
10 1 2601
10 1 2793
10 1 2796
10 1 2719
10 1 3242
10 1 2546
10 1 2354
10 1 2275
10 1 2366
10 1 2530
10 1 2787
10 1 2947
10 1 2976
10 1 2667
10 1 1859
10 1 3229
10 1 1808
10 1 3212
10 1 1914
10 1 1355
10 1 4276
10 1 2029
10 2 1391
10 2 4334
10 2 3307
10 2 3192
10 2 2985
10 2 4821
10 2 2786
10 2 3950
10 2 7547
10 2 2222
10 2 1605
10 2 2895
10 2 4364
10 2 3837
10 2 3139
10 2 4789
10 2 6670
10 2 8405
10 4 4100
10 4 3963
10 4 2499
10 4 7419
10 4 5261
10 4 2809
10 4 7146
10 4 4588
10 4 5118
10 4 3695
10 4 3586
10 5 4397
10 5 6858
10 5 6284
10 5 6348
10 5 6183
10 5 4983
10 5 5742
10 5 7929
10 5 8852
10 5 5743
10 5 3556
10 5 4834
10 5 6266
10 5 7221
10 5 8328
10 5 9914
10 5 11543
10 5 13645
10 5 3747
10 5 12613
10 5 7521
10 5 12892
10 5 9565
10 5 5141
10 5 5836
10 5 6583
10 5 7371
10 5 8665
10 5 3703
10 5 4690
10 5 8901
10 5 8770
10 5 4575
10 5 5804
10 5 7503
10 5 8497
10 6 10346
10 6 8414
10 6 8269
10 6 9033
10 6 7702
10 6 7497
10 6 6360
10 6 5876
10 8 11785
10 8 8848
10 8 8273
10 8 7168
10 8 10696
10 8 8326
10 8 8667
10 8 5333
10 8 9242
10 8 6410
10 10 5593
10 10 5562
10 10 6669
10 10 7842
10 10 9440
10 10 10760
10 10 12532
10 10 14571
10 10 16720
10 10 5297
10 10 6673
10 10 8079
10 10 10409
10 10 13338
10 10 15264
10 10 17206
10 10 18808
10 10 20402
10 10 4596
10 10 6320
10 10 6156
10 10 7959
10 10 9512
10 10 11084
10 10 11967
10 10 14136
10 10 16615
10 10 2780
10 10 3766
10 10 4906
10 10 5794
10 10 6717
10 10 7792
10 10 8680
10 10 9658
10 10 10504
20 1 4418
20 1 2895
20 1 5983
20 1 4245
20 1 4218
20 1 3671
20 1 2763
20 1 5302
20 1 6242
20 1 2504
20 1 2179
20 1 5758
20 1 4685
20 1 5673
20 1 3704
20 1 3498
20 1 2824
20 1 7104
20 1 3377
20 1 2606
20 1 2194
20 1 5233
20 1 5111
20 1 3071
20 1 5983
20 1 4837
20 1 4548
20 1 2189
20 1 1890
20 1 2209
20 1 2090
20 1 3625
20 1 5031
20 1 3584
20 1 2987
20 1 5993
20 2 6529
20 2 5435
20 2 7674
20 2 9440
20 2 6508
20 2 5381
20 2 4130
20 2 4710
20 2 3982
20 2 4089
20 2 4579
20 2 4577
20 2 4377
20 2 4121
20 2 4807
20 2 4235
20 2 5464
20 2 7456
20 2 4206
20 2 7588
20 2 2846
20 2 4452
20 2 6349
20 2 5532
20 2 4696
20 2 6265
20 2 7684
20 2 7745
20 2 3588
20 2 3844
20 2 3280
20 2 4980
20 2 4008
20 2 4587
20 2 6681
20 2 7168
20 4 9099
20 4 5451
20 4 6791
20 4 6499
20 4 6689
20 4 6889
20 4 6687
20 4 4052
20 4 7702
20 4 3433
20 5 6633
20 5 8152
20 5 6868
20 5 11560
20 5 5336
20 5 8044
20 5 6657
20 5 12622
20 5 6302
20 5 6036
20 5 7617
20 5 6993
20 5 8512
20 5 7030
20 5 9715
20 5 9218
20 5 7811
20 5 6322
20 6 7924
20 6 7069
20 6 9633
20 6 8363
20 6 8305
20 8 8742
20 8 11212
20 8 10732
20 8 7623
20 8 7801
20 8 9590
20 8 7126
20 8 6981
20 8 6298
20 8 9013
20 8 10212
20 10 5118
20 10 7243
20 10 9080
20 10 11073
20 10 13150
20 10 14840
20 10 6919
20 10 9188
20 10 10502
20 10 13788
20 10 14678
20 10 10853
20 10 7032
20 10 8109
20 10 14256
20 10 7241
20 10 8024
20 10 14780
30 1 3780
30 1 3323
30 1 4234
30 1 3906
30 1 3598
30 1 3710
30 1 6882
30 1 3900
30 1 8472
30 1 6022
30 1 7604
30 1 4369
30 1 7960
30 1 3805
30 1 6442
30 1 3303
30 1 9572
30 1 2518
30 2 4163
30 2 4546
30 2 5583
30 2 5919
30 2 7395
30 2 6004
30 2 5210
30 2 9765
30 2 11994
30 4 6512
30 4 7123
30 4 6122
30 4 6492
30 4 5712
30 4 7505
30 5 4176
30 5 5754
30 5 13662
30 5 9770
30 5 6313
30 5 7456
30 5 8819
30 5 8064
30 5 7840
30 5 9838
30 5 9158
30 5 8225
30 5 11463
30 5 8186
30 5 12205
30 5 8576
30 5 7729
30 5 10177
30 6 5176
30 6 6134
30 6 14323
30 6 10212
30 6 5621
30 6 9102
30 6 12121
30 6 9015
30 6 14211
30 8 10118
30 8 14198
30 8 9235
30 8 12163
30 8 11175
30 8 11012
30 8 15101
30 8 14712
30 8 11011
30 10 23578
30 10 4065
30 10 5438
30 10 16922
30 10 8211
30 10 9330
30 10 10426
30 10 12205
30 10 13646
30 10 11302
30 10 22708
30 10 21246
30 10 11671
30 10 12114
30 10 12525
30 10 12973
30 10 13650
30 10 14161
40 1 4563
40 1 6728
40 1 5673
40 1 7483
40 1 12991
40 1 9891
40 1 6784
40 1 5362
40 1 5901
40 1 5462
50 1 5631
50 1 4678
50 1 6125
50 1 6215
50 1 10156
50 1 11392
50 1 13211
50 1 7112
50 1 7621
50 1 8145
