100 2 125 1415185618813   
099 2 125 1415185619654   
100 1415185619929
098 2 125 1415185620828   
099 1415185620948
098 1415185621408
097 2 125 1415185621687   
091 1415185622208
097 1415185622708
096 2 125 1415185622913   
095 2 125 1415185623763   
096 1415185623843
095 1415185624211
094 2 125 1415185624990   
093 2 125 1415185625833   
094 1415185626662
093 1415185626892
092 2 125 1415185627048   
091 2 125 1415185627892   
092 1415185628132
090 2 125 1415185629073   
089 2 125 1415185629914   
090 1415185630583
089 1415185630761
088 2 125 1415185631101   
088 1415185631617
087 2 125 1415185631955   
081 1415185632833
087 1415185632997
086 2 125 1415185633165   
086 1415185633600
085 2 125 1415185634018   
085 1415185635056
084 2 125 1415185635199   
083 2 125 1415185636039   
084 1415185636417
083 1415185636706
082 2 125 1415185637215   
082 1415185637786
081 2 125 1415185638054   
080 2 125 1415185639231   
079 2 125 1415185640095   
080 1415185640469
079 1415185640748
078 2 125 1415185641324   
077 2 125 1415185642164   
078 1415185642270
077 1415185643128
076 2 125 1415185643381   
075 2 125 1415185644237   
076 1415185644342
075 1415185645093
074 2 125 1415185645485   
074 1415185646124
073 2 125 1415185646328   
073 1415185647274
072 2 125 1415185647553   
072 1415185648184
071 2 125 1415185648393   
071 1415185648761
070 2 125 1415185649595   
070 1415185650268
069 2 125 1415185650438   
068 2 125 1415185651628   
069 1415185651907
068 1415185652352
067 2 125 1415185652482   
067 1415185653560
066 2 125 1415185653684   
066 1415185654452
065 2 125 1415185654532   
065 1415185655419
064 2 125 1415185655727   
064 1415185656393
063 2 125 1415185656574   
063 1415185657236
062 2 125 1415185657770   
062 1415185658515
061 2 125 1415185658619   
060 2 125 1415185659800   
059 2 125 1415185660650   
060 1415185661340
059 1415185661727
058 2 125 1415185661854   
057 2 125 1415185662708   
057 1415185663818
056 2 125 1415185663915   
058 1415185664163
056 1415185664611
055 2 125 1415185664762   
055 1415185665692
054 2 125 1415185665979   
054 1415185666739
053 2 125 1415185666821   
053 1415185667540
052 2 125 1415185668003   
052 1415185668774
051 2 125 1415185668843   
051 1415185669602
050 2 125 1415185670038   
049 2 125 1415185670883   
050 1415185671926
048 2 125 1415185672103   
049 1415185672600
047 2 125 1415185672939   
048 1415185673023
047 1415185673833
046 2 125 1415185674167   
045 2 125 1415185675009   
041 1415185675755
046 1415185676132
044 2 125 1415185676202   
045 1415185676983
043 2 125 1415185677040   
043 1415185677807
044 1415185678097
042 2 125 1415185678234   
041 2 125 1415185679086   
040 2 125 1415185680270   
039 2 125 1415185681112   
038 2 125 1415185682347   
039 1415185682431
040 1415185683011
037 2 125 1415185683186   
038 1415185683544
037 1415185684080
036 2 125 1415185684381   
042 1415185684433
035 2 125 1415185685233   
036 1415185685940
035 1415185686282
034 2 125 1415185686411   
033 2 125 1415185687252   
034 1415185687501
032 2 125 1415185688436   
033 1415185689219
031 2 125 1415185689285   
032 1415185690163
030 2 125 1415185690478   
031 1415185690622
029 2 125 1415185691320   
030 1415185692238
028 2 125 1415185692517   
029 1415185692654
027 2 125 1415185693370   
028 1415185694097
027 1415185694527
026 2 125 1415185694578   
025 2 125 1415185695434   
024 2 125 1415185696625   
010 1415185697081
023 2 125 1415185697464   
024 1415185698186
022 2 125 1415185698657   
023 1415185698723
025 1415185699464
021 2 125 1415185699511   
022 1415185700126
021 1415185700527
020 2 125 1415185700737   
026 1415185701000
019 2 125 1415185701587   
020 1415185702211
019 1415185702667
018 2 125 1415185702816   
017 2 125 1415185703666   
018 1415185704434
017 1415185704826
016 2 125 1415185704847   
015 2 125 1415185705690   
014 2 125 1415185706867   
015 1415185707538
013 2 125 1415185707709   
014 1415185708489
012 2 125 1415185708910   
013 1415185709396
011 2 125 1415185709768   
012 1415185710194
011 1415185710771
010 2 125 1415185710965   
016 1415185711379
009 2 125 1415185711816   
008 2 125 1415185713007   
009 1415185713559
007 2 125 1415185713854   
008 1415185714647
001 1415185715053
006 2 125 1415185715064   
005 2 125 1415185715912   
006 1415185717064
004 2 125 1415185717117   
003 2 125 1415185717964   
005 1415185718006
002 2 125 1415185719151   
001 2 125 1415185720003   
---
100 2 125 1415185800083   
099 2 125 1415185800948   
100 1415185801073
099 1415185802007
098 2 125 1415185802145   
097 2 125 1415185802990   
098 1415185803321
091 1415185803617
097 1415185804019
096 2 125 1415185804184   
096 1415185804771
095 2 125 1415185805043   
095 1415185806172
094 2 125 1415185806240   
094 1415185806620
093 2 125 1415185807090   
093 1415185807526
092 2 125 1415185808266   
092 1415185809105
091 2 125 1415185809110   
090 2 125 1415185810287   
089 2 125 1415185811136   
090 1415185811562
089 1415185811790
088 2 125 1415185812316   
088 1415185812766
087 2 125 1415185813169   
081 1415185813591
087 1415185814048
086 2 125 1415185814389   
086 1415185814958
085 2 125 1415185815246   
085 1415185816280
084 2 125 1415185816449   
083 2 125 1415185817296   
084 1415185817377
083 1415185818219
082 2 125 1415185818497   
081 2 125 1415185819337   
082 1415185819729
080 2 125 1415185820554   
079 2 125 1415185821415   
080 1415185821742
079 1415185822499
078 2 125 1415185822630   
078 1415185823447
077 2 125 1415185823484   
077 1415185824213
076 2 125 1415185824676   
075 2 125 1415185825530   
075 1415185826564
074 2 125 1415185826710   
076 1415185826950
074 1415185827284
073 2 125 1415185827557   
072 2 125 1415185828744   
073 1415185828805
072 1415185829548
071 2 125 1415185829600   
071 1415185830227
070 2 125 1415185830792   
070 1415185831462
069 2 125 1415185831651   
069 1415185832341
068 2 125 1415185832866   
068 1415185833668
067 2 125 1415185833705   
067 1415185834347
066 2 125 1415185834887   
065 2 125 1415185835732   
066 1415185836080
065 1415185836618
064 2 125 1415185836902   
063 2 125 1415185837757   
064 1415185838051
063 1415185838528
062 2 125 1415185838960   
062 1415185839442
061 2 125 1415185839811   
060 2 125 1415185841018   
059 2 125 1415185841857   
060 1415185842163
059 1415185842896
058 2 125 1415185843062   
057 2 125 1415185843923   
058 1415185844746
056 2 125 1415185845129   
057 1415185845254
055 2 125 1415185845993   
056 1415185846681
055 1415185847163
054 2 125 1415185847202   
054 1415185848005
053 2 125 1415185848050   
010 1415185848920
053 1415185849191
052 2 125 1415185849257   
052 1415185849935
051 2 125 1415185850109   
051 1415185850685
050 2 125 1415185851307   
050 1415185852140
049 2 125 1415185852149   
049 1415185853320
048 2 125 1415185853334   
047 2 125 1415185854179   
048 1415185854870
046 2 125 1415185855379   
047 1415185855515
045 2 125 1415185856234   
046 1415185856257
045 1415185857111
044 2 125 1415185857437   
044 1415185858247
043 2 125 1415185858294   
041 1415185858984
042 2 125 1415185859528   
043 1415185859829
041 2 125 1415185860375   
040 2 125 1415185861554   
039 2 125 1415185862392   
042 1415185862441
040 1415185863365
038 2 125 1415185863586   
039 1415185863999
037 2 125 1415185864440   
038 1415185864493
037 1415185865390
036 2 125 1415185865651   
035 2 125 1415185866511   
036 1415185866542
035 1415185867574
034 2 125 1415185867740   
033 2 125 1415185868579   
034 1415185868718
033 1415185869752
032 2 125 1415185869754   
031 2 125 1415185870596   
032 1415185871603
030 2 125 1415185871794   
031 1415185872457
029 2 125 1415185872642   
030 1415185873272
029 1415185873801
028 2 125 1415185873833   
027 2 125 1415185874669   
028 1415185874724
027 1415185875662
026 2 125 1415185875875   
025 2 125 1415185876717   
026 1415185877002
024 2 125 1415185877904   
021 1415185877938
025 1415185878440
023 2 125 1415185878760   
024 1415185879399
022 2 125 1415185879981   
023 1415185880050
021 2 125 1415185880832   
022 1415185881693
020 2 125 1415185882033   
019 2 125 1415185882898   
020 1415185883856
018 2 125 1415185884121   
019 1415185884380
017 2 125 1415185884973   
018 1415185885455
017 1415185885963
016 2 125 1415185886179   
015 2 125 1415185887020   
016 1415185887731
014 2 125 1415185888216   
015 1415185888239
013 2 125 1415185889067   
014 1415185889384
012 2 125 1415185890269   
013 1415185890595
011 2 125 1415185891108   
012 1415185892227
010 2 125 1415185892295   
009 2 125 1415185893138   
011 1415185893154
008 2 125 1415185894357   
009 1415185894478
007 2 125 1415185895203   
008 1415185895806
007 1415185896236
006 2 125 1415185896406   
005 2 125 1415185897256   
006 1415185897854
004 2 125 1415185898439   
005 1415185898831
003 2 125 1415185899287   
002 2 125 1415185900495   
001 2 125 1415185901367   
---
100 2 125 1415185981715   
099 2 125 1415185982557   
100 1415185982710
099 1415185983325
098 2 125 1415185983756   
097 2 125 1415185984610   
098 1415185984975
097 1415185985405
096 2 125 1415185985835   
096 1415185986338
095 2 125 1415185986677   
095 1415185987296
094 2 125 1415185987869   
094 1415185988283
093 2 125 1415185988713   
093 1415185989412
092 2 125 1415185989940   
092 1415185990522
091 2 125 1415185990798   
091 1415185991983
090 2 125 1415185992008   
089 2 125 1415185992861   
090 1415185992955
089 1415185993494
088 2 125 1415185994062   
087 2 125 1415185994929   
081 1415185995353
088 1415185995641
087 1415185995816
086 2 125 1415185996143   
085 2 125 1415185996989   
086 1415185997335
084 2 125 1415185998179   
085 1415185998563
083 2 125 1415185999027   
084 1415185999829
082 2 125 1415186000223   
083 1415186000882
081 2 125 1415186001090   
082 1415186001209
080 2 125 1415186002308   
080 1415186002855
079 2 125 1415186003151   
071 1415186003883
078 2 125 1415186004334   
079 1415186004642
078 1415186004891
077 2 125 1415186005173   
077 1415186006279
076 2 125 1415186006355   
076 1415186007033
075 2 125 1415186007198   
074 2 125 1415186008382   
010 1415186008473
075 1415186008978
073 2 125 1415186009262   
074 1415186009342
073 1415186010339
072 2 125 1415186010471   
072 1415186011059
071 2 125 1415186011312   
070 2 125 1415186012515   
069 2 125 1415186013374   
070 1415186013725
069 1415186014086
068 2 125 1415186014585   
068 1415186015219
067 2 125 1415186015435   
061 1415186015850
066 2 125 1415186016634   
067 1415186017153
065 2 125 1415186017480   
066 1415186017635
064 2 125 1415186018679   
065 1415186018812
063 2 125 1415186019527   
064 1415186019600
063 1415186019995
062 2 125 1415186020734   
062 1415186021306
061 2 125 1415186021586   
060 2 125 1415186022779   
059 2 125 1415186023618   
060 1415186023696
051 1415186024478
058 2 125 1415186024831   
059 1415186025621
057 2 125 1415186025688   
058 1415186026471
056 2 125 1415186026908   
057 1415186026951
055 2 125 1415186027752   
056 1415186028307
055 1415186028812
054 2 125 1415186028948   
053 2 125 1415186029793   
054 1415186029911
053 1415186030784
052 2 125 1415186031064   
052 1415186031795
051 2 125 1415186031923   
050 2 125 1415186033110   
050 1415186033792
049 2 125 1415186033965   
049 1415186034896
048 2 125 1415186035186   
047 2 125 1415186036037   
048 1415186036836
046 2 125 1415186037247   
047 1415186037339
045 2 125 1415186038101   
046 1415186038548
045 1415186039310
044 2 125 1415186039315   
044 1415186040103
043 2 125 1415186040155   
043 1415186040961
042 2 125 1415186041344   
041 2 125 1415186042189   
041 1415186043407
040 2 125 1415186043421   
042 1415186044231
039 2 125 1415186044282   
038 2 125 1415186045509   
039 1415186045828
037 2 125 1415186046352   
040 1415186046452
038 1415186047000
037 1415186047403
036 2 125 1415186047558   
035 2 125 1415186048404   
036 1415186048853
035 1415186049411
034 2 125 1415186049594   
034 1415186050391
033 2 125 1415186050459   
033 1415186051426
032 2 125 1415186051662   
031 2 125 1415186052519   
032 1415186053698
030 2 125 1415186053718   
031 1415186054557
029 2 125 1415186054570   
030 1415186055274
029 1415186055653
028 2 125 1415186055815   
027 2 125 1415186056659   
028 1415186057010
027 1415186057558
026 2 125 1415186057843   
025 2 125 1415186058718   
026 1415186059150
025 1415186059621
024 2 125 1415186059912   
023 2 125 1415186060756   
024 1415186060885
022 2 125 1415186061947   
023 1415186062093
021 2 125 1415186062789   
020 2 125 1415186064015   
021 1415186064158
019 2 125 1415186064884   
022 1415186065062
020 1415186065902
018 2 125 1415186066115   
019 1415186066368
017 2 125 1415186066964   
018 1415186067462
017 1415186068000
016 2 125 1415186068173   
015 2 125 1415186069051   
016 1415186069740
015 1415186070258
014 2 125 1415186070261   
013 2 125 1415186071116   
014 1415186072236
012 2 125 1415186072315   
011 2 125 1415186073184   
013 1415186073215
012 1415186074167
010 2 125 1415186074422   
011 1415186075244
009 2 125 1415186075267   
009 1415186076452
008 2 125 1415186076499   
007 2 125 1415186077360   
008 1415186077495
006 2 125 1415186078564   
001 1415186078712
007 1415186079285
005 2 125 1415186079412   
004 2 125 1415186080660   
003 2 125 1415186081530   
002 2 125 1415186082723   
001 2 125 1415186083578   
---
100 2 125 1415186163947   
100 1415186164754
099 2 125 1415186164802   
099 1415186165876
098 2 125 1415186166014   
097 2 125 1415186166864   
098 1415186167292
097 1415186167458
096 2 125 1415186168076   
096 1415186168598
095 2 125 1415186168954   
095 1415186169660
094 2 125 1415186170133   
094 1415186170515
093 2 125 1415186170976   
091 1415186171575
093 1415186171857
092 2 125 1415186172172   
092 1415186172828
091 2 125 1415186173010   
090 2 125 1415186174221   
090 1415186174999
089 2 125 1415186175072   
089 1415186175895
088 2 125 1415186176277   
088 1415186176717
087 2 125 1415186177116   
087 1415186177685
086 2 125 1415186178304   
086 1415186178763
085 2 125 1415186179149   
085 1415186179891
084 2 125 1415186180338   
083 2 125 1415186181185   
083 1415186182300
082 2 125 1415186182395   
084 1415186182489
081 2 125 1415186183258   
082 1415186183565
081 1415186183741
080 2 125 1415186184455   
080 1415186185282
079 2 125 1415186185309   
071 1415186185936
079 1415186186492
078 2 125 1415186186501   
078 1415186187139
077 2 125 1415186187347   
076 2 125 1415186188548   
077 1415186188817
076 1415186189069
075 2 125 1415186189405   
075 1415186190538
074 2 125 1415186190605   
073 2 125 1415186191462   
074 1415186191712
073 1415186191932
072 2 125 1415186192646   
072 1415186193324
071 2 125 1415186193491   
070 2 125 1415186194690   
070 1415186195119
069 2 125 1415186195551   
069 1415186196260
068 2 125 1415186196766   
067 2 125 1415186197627   
068 1415186198374
066 2 125 1415186198822   
067 1415186198834
065 2 125 1415186199666   
066 1415186199791
065 1415186200663
064 2 125 1415186200862   
064 1415186201651
063 2 125 1415186201721   
063 1415186202415
062 2 125 1415186202928   
062 1415186203644
061 2 125 1415186203791   
060 2 125 1415186204999   
060 1415186205584
059 2 125 1415186205851   
059 1415186206803
058 2 125 1415186207087   
057 2 125 1415186207939   
057 1415186209138
056 2 125 1415186209142   
058 1415186209817
055 2 125 1415186209996   
056 1415186210099
055 1415186210885
054 2 125 1415186211221   
053 2 125 1415186212066   
054 1415186212461
053 1415186212911
052 2 125 1415186213252   
051 2 125 1415186214093   
052 1415186214100
051 1415186214892
050 2 125 1415186215309   
049 2 125 1415186216172   
050 1415186216281
048 2 125 1415186217385   
047 2 125 1415186218248   
049 1415186218971
041 1415186219435
046 2 125 1415186219499   
047 1415186219894
046 1415186220198
045 2 125 1415186220345   
048 1415186220642
044 2 125 1415186221538   
045 1415186221807
043 2 125 1415186222390   
044 1415186222498
043 1415186223408
042 2 125 1415186223590   
041 2 125 1415186224446   
040 2 125 1415186225672   
042 1415186225758
039 2 125 1415186226525   
040 1415186227403
038 2 125 1415186227740   
039 1415186227854
037 2 125 1415186228582   
038 1415186228953
037 1415186229570
036 2 125 1415186229768   
036 1415186230420
035 2 125 1415186230612   
034 2 125 1415186231803   
035 1415186231811
033 2 125 1415186232670   
034 1415186232754
033 1415186233576
032 2 125 1415186233886   
031 2 125 1415186234727   
032 1415186235477
030 2 125 1415186235915   
031 1415186235965
029 2 125 1415186236784   
030 1415186237417
029 1415186237795
028 2 125 1415186237993   
027 2 125 1415186238847   
028 1415186238980
027 1415186239953
026 2 125 1415186240033   
025 2 125 1415186240877   
026 1415186240910
025 1415186241838
024 2 125 1415186242095   
023 2 125 1415186242951   
024 1415186242994
022 2 125 1415186244225   
023 1415186244707
021 2 125 1415186245093   
022 1415186245931
020 2 125 1415186246316   
021 1415186246621
019 2 125 1415186247172   
020 1415186247259
018 2 125 1415186248367   
011 1415186248450
019 1415186249066
017 2 125 1415186249223   
018 1415186249613
017 1415186250063
016 2 125 1415186250425   
015 2 125 1415186251310   
016 1415186251747
015 1415186252207
014 2 125 1415186252532   
013 2 125 1415186253391   
012 2 125 1415186254594   
013 1415186255358
011 2 125 1415186255451   
012 1415186256384
010 2 125 1415186256673   
014 1415186256934
009 2 125 1415186257521   
008 2 125 1415186258746   
009 1415186259083
007 2 125 1415186259588   
008 1415186260757
006 2 125 1415186260799   
010 1415186261354
005 2 125 1415186261646   
007 1415186261936
004 2 125 1415186262831   
006 1415186262876
003 2 125 1415186263674   
005 1415186263812
002 2 125 1415186264899   
001 2 125 1415186265763   
---
100 2 125 1415186345625   
099 2 125 1415186346477   
100 1415186346613
098 2 125 1415186347673   
099 1415186347712
097 2 125 1415186348518   
098 1415186348656
097 1415186349143
096 2 125 1415186349724   
095 2 125 1415186350573   
096 1415186350851
095 1415186351667
094 2 125 1415186351762   
094 1415186352271
093 2 125 1415186352619   
093 1415186353072
092 2 125 1415186353836   
092 1415186354271
091 2 125 1415186354675   
091 1415186355740
090 2 125 1415186355880   
089 2 125 1415186356743   
090 1415186357127
081 1415186357293
089 1415186357812
088 2 125 1415186357962   
088 1415186358438
087 2 125 1415186358815   
087 1415186359436
086 2 125 1415186360007   
086 1415186360433
085 2 125 1415186360860   
085 1415186361254
084 2 125 1415186362076   
084 1415186362634
083 2 125 1415186362928   
083 1415186363841
082 2 125 1415186364146   
081 2 125 1415186365014   
082 1415186365428
080 2 125 1415186366214   
080 1415186366775
079 2 125 1415186367050   
079 1415186368016
078 2 125 1415186368234   
077 2 125 1415186369090   
078 1415186369395
077 1415186369806
076 2 125 1415186370276   
076 1415186370959
075 2 125 1415186371145   
074 2 125 1415186372332   
075 1415186372607
074 1415186373077
073 2 125 1415186373175   
072 2 125 1415186374368   
073 1415186374469
072 1415186375154
071 2 125 1415186375224   
071 1415186375721
070 2 125 1415186376446   
070 1415186376996
069 2 125 1415186377301   
061 1415186377974
069 1415186378228
068 2 125 1415186378497   
067 2 125 1415186379343   
010 1415186379807
068 1415186380401
066 2 125 1415186380552   
067 1415186381019
065 2 125 1415186381403   
066 1415186381537
065 1415186382320
064 2 125 1415186382654   
064 1415186383411
063 2 125 1415186383513   
063 1415186384001
062 2 125 1415186384725   
062 1415186385500
061 2 125 1415186385573   
060 2 125 1415186386770   
059 2 125 1415186387624   
060 1415186387894
059 1415186388258
058 2 125 1415186388817   
057 2 125 1415186389663   
058 1415186390315
057 1415186390620
056 2 125 1415186390894   
055 2 125 1415186391765   
056 1415186392141
055 1415186392536
054 2 125 1415186392943   
053 2 125 1415186393789   
053 1415186394629
054 1415186394894
052 2 125 1415186394975   
052 1415186395620
051 2 125 1415186395827   
051 1415186396849
050 2 125 1415186397028   
050 1415186397837
049 2 125 1415186397898   
049 1415186398972
048 2 125 1415186399126   
047 2 125 1415186399988   
047 1415186400768
048 1415186401041
046 2 125 1415186401167   
045 2 125 1415186402012   
046 1415186402095
045 1415186403073
044 2 125 1415186403225   
044 1415186404017
043 2 125 1415186404067   
043 1415186405017
042 2 125 1415186405290   
041 2 125 1415186406154   
040 2 125 1415186407366   
041 1415186407446
039 2 125 1415186408217   
042 1415186408246
040 1415186408918
039 1415186409310
038 2 125 1415186409452   
037 2 125 1415186410297   
038 1415186410595
036 2 125 1415186411485   
037 1415186411539
035 2 125 1415186412334   
031 1415186413512
034 2 125 1415186413586   
035 1415186413980
036 1415186414416
033 2 125 1415186414431   
034 1415186415098
033 1415186415537
032 2 125 1415186415626   
031 2 125 1415186416469   
032 1415186416989
030 2 125 1415186417690   
029 2 125 1415186418535   
030 1415186419604
028 2 125 1415186419734   
029 1415186420498
027 2 125 1415186420593   
028 1415186421109
027 1415186421644
026 2 125 1415186421807   
025 2 125 1415186422654   
026 1415186423129
025 1415186423539
024 2 125 1415186423866   
023 2 125 1415186424716   
024 1415186424833
023 1415186425794
022 2 125 1415186425926   
021 2 125 1415186426769   
020 2 125 1415186427946   
022 1415186428061
019 2 125 1415186428796   
021 1415186428802
020 1415186429793
018 2 125 1415186429977   
019 1415186430539
017 2 125 1415186430815   
018 1415186431124
016 2 125 1415186431998   
011 1415186432413
015 2 125 1415186432843   
017 1415186432969
016 1415186433559
014 2 125 1415186434027   
015 1415186434066
013 2 125 1415186434876   
014 1415186435013
012 2 125 1415186436055   
013 1415186436072
011 2 125 1415186436904   
012 1415186437647
010 2 125 1415186438088   
009 2 125 1415186438947   
008 2 125 1415186440147   
007 2 125 1415186441012   
009 1415186441154
006 2 125 1415186442208   
008 1415186442350
007 1415186442917
005 2 125 1415186443056   
006 1415186443553
004 2 125 1415186444260   
003 2 125 1415186445132   
002 2 125 1415186446370   
001 2 125 1415186447238   
---
100 2 62 1415186525624   
099 2 62 1415186526095   
098 2 62 1415186526819   
099 1415186527157
097 2 62 1415186527282   
096 2 62 1415186527975   
100 1415186528392
095 2 62 1415186528458   
094 2 62 1415186529138   
097 1415186529421
093 2 62 1415186529632   
095 1415186529752
094 1415186530017
093 1415186530168
092 2 62 1415186530390   
096 1415186530498
098 1415186530865
091 2 62 1415186530866   
092 1415186531163
090 2 62 1415186531582   
091 1415186531702
089 2 62 1415186532064   
090 1415186532184
088 2 62 1415186532741   
089 1415186532763
087 2 62 1415186533220   
088 1415186533473
086 2 62 1415186533938   
087 1415186534061
085 2 62 1415186534416   
086 1415186534985
084 2 62 1415186535115   
085 1415186535163
083 2 62 1415186535596   
082 2 62 1415186536284   
084 1415186536447
081 2 62 1415186536765   
080 2 62 1415186537432   
083 1415186537515
079 2 62 1415186537903   
081 1415186538210
078 2 62 1415186538626   
080 1415186538696
077 2 62 1415186539095   
079 1415186539181
078 1415186539636
076 2 62 1415186539777   
077 1415186540044
075 2 62 1415186540239   
082 1415186540378
076 1415186540913
074 2 62 1415186540936   
075 1415186541329
073 2 62 1415186541407   
074 1415186541644
072 2 62 1415186542105   
073 1415186542539
071 2 62 1415186542573   
072 1415186542960
070 2 62 1415186543309   
071 1415186543427
069 2 62 1415186543777   
068 2 62 1415186544480   
067 2 62 1415186544962   
069 1415186545638
066 2 62 1415186545656   
065 2 62 1415186546125   
067 1415186546779
064 2 62 1415186546855   
065 1415186547261
063 2 62 1415186547327   
066 1415186547819
062 2 62 1415186548018   
063 1415186548334
061 2 62 1415186548488   
064 1415186548739
060 2 62 1415186549203   
062 1415186549223
059 2 62 1415186549683   
068 1415186549772
060 1415186550308
058 2 62 1415186550378   
059 1415186550771
057 2 62 1415186550849   
070 1415186551203
056 2 62 1415186551571   
058 1415186551694
055 2 62 1415186552039   
057 1415186552281
054 2 62 1415186552732   
053 2 62 1415186553197   
052 2 62 1415186553887   
056 1415186554132
051 2 62 1415186554354   
050 2 62 1415186555060   
054 1415186555076
049 2 62 1415186555533   
052 1415186555771
048 2 62 1415186556234   
050 1415186556271
047 2 62 1415186556715   
049 1415186556807
048 1415186557331
046 2 62 1415186557420   
047 1415186557706
045 2 62 1415186557900   
051 1415186558162
044 2 62 1415186558610   
046 1415186558737
043 2 62 1415186559091   
045 1415186559202
044 1415186559590
042 2 62 1415186559802   
053 1415186560040
041 2 62 1415186560285   
043 1415186560669
040 2 62 1415186561021   
039 2 62 1415186561502   
055 1415186561846
038 2 62 1415186562259   
037 2 62 1415186562750   
010 1415186562995
036 2 62 1415186563453   
035 2 62 1415186563965   
039 1415186564121
034 2 62 1415186564655   
033 2 62 1415186565124   
037 1415186565246
032 2 62 1415186565827   
035 1415186566228
031 2 62 1415186566302   
033 1415186566912
030 2 62 1415186567002   
029 2 62 1415186567477   
032 1415186567552
028 2 62 1415186568173   
030 1415186568337
027 2 62 1415186568650   
029 1415186568968
026 2 62 1415186569369   
028 1415186569480
025 2 62 1415186569848   
027 1415186569967
024 2 62 1415186570549   
031 1415186570648
023 2 62 1415186571027   
022 2 62 1415186571732   
025 1415186572168
021 2 62 1415186572193   
020 2 62 1415186572880   
019 2 62 1415186573355   
023 1415186573400
018 2 62 1415186574040   
020 1415186574193
017 2 62 1415186574537   
021 1415186575150
016 2 62 1415186575228   
015 2 62 1415186575696   
018 1415186576168
014 2 62 1415186576424   
013 2 62 1415186576900   
016 1415186577445
012 2 62 1415186577600   
011 2 62 1415186578064   
014 1415186578390
010 2 62 1415186578821   
009 2 62 1415186579308   
012 1415186579334
011 1415186580011
008 2 62 1415186580018   
007 2 62 1415186580488   
013 1415186580755
006 2 62 1415186581191   
008 1415186581469
005 2 62 1415186581667   
009 1415186582329
004 2 62 1415186582345   
003 2 62 1415186582816   
007 1415186583146
002 2 62 1415186583590   
004 1415186584081
001 2 62 1415186584092   
003 1415186585047
001 1415186585454
002 1415186585957
005 1415186586413
015 1415186586771
017 1415186587131
019 1415186587475
022 1415186587822
024 1415186588172
026 1415186588629
034 1415186588975
036 1415186589338
038 1415186589694
---
100 2 62 1415186659322   
099 2 62 1415186659790   
098 2 62 1415186660493   
099 1415186660617
100 1415186660890
097 2 62 1415186660975   
098 1415186661247
096 2 62 1415186661677   
097 1415186661978
095 2 62 1415186662173   
095 1415186662851
094 2 62 1415186662885   
096 1415186663001
093 2 62 1415186663383   
094 1415186663609
092 2 62 1415186664087   
093 1415186664105
091 2 62 1415186664572   
092 1415186664859
090 2 62 1415186665283   
091 1415186665401
089 2 62 1415186665757   
090 1415186666139
088 2 62 1415186666446   
089 1415186666677
087 2 62 1415186666926   
088 1415186667084
086 2 62 1415186667649   
087 1415186667949
085 2 62 1415186668121   
084 2 62 1415186668809   
083 2 62 1415186669274   
086 1415186669883
082 2 62 1415186669965   
084 1415186670417
081 2 62 1415186670434   
082 1415186670743
080 2 62 1415186671151   
083 1415186671172
081 1415186671550
079 2 62 1415186671622   
080 1415186672073
078 2 62 1415186672319   
085 1415186672436
077 2 62 1415186672794   
079 1415186672850
078 1415186673211
076 2 62 1415186673508   
077 1415186673550
075 2 62 1415186673982   
076 1415186674270
074 2 62 1415186674727   
075 1415186675118
073 2 62 1415186675204   
074 1415186675565
072 2 62 1415186675910   
071 2 62 1415186676391   
070 2 62 1415186677112   
073 1415186677541
069 2 62 1415186677594   
068 2 62 1415186678315   
071 1415186678657
067 2 62 1415186678791   
069 1415186679138
066 2 62 1415186679486   
068 1415186679768
065 2 62 1415186679967   
067 1415186680214
064 2 62 1415186680665   
066 1415186680716
063 2 62 1415186681138   
065 1415186681215
064 1415186681688
062 2 62 1415186681831   
063 1415186681947
061 2 62 1415186682294   
070 1415186682380
062 1415186682766
060 2 62 1415186682991   
072 1415186683248
059 2 62 1415186683463   
060 1415186683791
058 2 62 1415186684188   
057 2 62 1415186684676   
056 2 62 1415186685377   
055 2 62 1415186685862   
059 1415186686436
054 2 62 1415186686587   
053 2 62 1415186687068   
056 1415186687471
052 2 62 1415186687788   
054 1415186688059
051 2 62 1415186688279   
053 1415186688634
050 2 62 1415186688997   
052 1415186689223
049 2 62 1415186689494   
051 1415186689762
048 2 62 1415186690214   
055 1415186690286
047 2 62 1415186690688   
049 1415186690783
048 1415186691267
046 2 62 1415186691369   
047 1415186691687
045 2 62 1415186691832   
044 2 62 1415186692546   
057 1415186692581
043 2 62 1415186693029   
042 2 62 1415186693761   
045 1415186693765
041 2 62 1415186694246   
040 2 62 1415186694965   
039 2 62 1415186695450   
043 1415186695460
038 2 62 1415186696144   
040 1415186696207
037 2 62 1415186696638   
039 1415186696920
036 2 62 1415186697357   
038 1415186697489
035 2 62 1415186697832   
037 1415186698181
034 2 62 1415186698561   
036 1415186698668
033 2 62 1415186699084   
035 1415186699143
041 1415186699663
032 2 62 1415186699798   
031 2 62 1415186700278   
034 1415186700306
030 2 62 1415186700998   
042 1415186701100
029 2 62 1415186701481   
031 1415186702072
028 2 62 1415186702199   
027 2 62 1415186702700   
026 2 62 1415186703388   
030 1415186703397
025 2 62 1415186703866   
028 1415186704382
024 2 62 1415186704601   
023 2 62 1415186705075   
026 1415186705734
022 2 62 1415186705793   
021 2 62 1415186706263   
024 1415186706847
020 2 62 1415186706990   
019 2 62 1415186707455   
023 1415186707771
018 2 62 1415186708188   
020 1415186708643
017 2 62 1415186708675   
019 1415186709283
016 2 62 1415186709380   
015 2 62 1415186709854   
022 1415186709901
014 2 62 1415186710549   
025 1415186710639
013 2 62 1415186711020   
017 1415186711604
012 2 62 1415186711749   
011 2 62 1415186712221   
014 1415186712270
010 2 62 1415186712900   
009 2 62 1415186713376   
012 1415186713715
008 2 62 1415186714081   
007 2 62 1415186714547   
010 1415186714899
006 2 62 1415186715273   
005 2 62 1415186715742   
009 1415186715976
004 2 62 1415186716436   
003 2 62 1415186716905   
007 1415186717443
002 2 62 1415186717635   
001 2 62 1415186718118   
003 1415186718384
004 1415186718805
002 1415186719273
001 1415186719622
005 1415186719971
006 1415186720338
008 1415186720806
011 1415186721154
013 1415186721509
015 1415186721861
016 1415186722220
018 1415186722615
027 1415186722956
029 1415186723391
032 1415186723742
046 1415186724131
058 1415186724594
---
100 2 62 1415186793453   
099 2 62 1415186793922   
098 2 62 1415186794630   
099 1415186794959
097 2 62 1415186795110   
100 1415186795215
098 1415186795469
096 2 62 1415186795834   
095 2 62 1415186796308   
097 1415186796939
094 2 62 1415186797016   
093 2 62 1415186797486   
095 1415186798109
092 2 62 1415186798206   
093 1415186798488
091 2 62 1415186798676   
094 1415186798875
092 1415186799292
090 2 62 1415186799370   
091 1415186799455
096 1415186799766
089 2 62 1415186799841   
090 1415186799951
088 2 62 1415186800547   
089 1415186800805
087 2 62 1415186801017   
088 1415186801319
086 2 62 1415186801755   
085 2 62 1415186802238   
084 2 62 1415186802966   
086 1415186802982
087 1415186803299
083 2 62 1415186803447   
082 2 62 1415186804172   
081 2 62 1415186804646   
084 1415186804955
080 2 62 1415186805363   
085 1415186805718
079 2 62 1415186805841   
078 2 62 1415186806546   
081 1415186806639
077 2 62 1415186807014   
080 1415186807339
076 2 62 1415186807699   
078 1415186807798
075 2 62 1415186808165   
077 1415186808296
074 2 62 1415186808887   
076 1415186808915
075 1415186809346
073 2 62 1415186809368   
074 1415186809739
073 1415186810083
072 2 62 1415186810112   
079 1415186810373
071 2 62 1415186810589   
082 1415186810729
072 1415186811243
070 2 62 1415186811308   
071 1415186811613
069 2 62 1415186811784   
083 1415186811923
070 1415186812419
068 2 62 1415186812515   
069 1415186812905
067 2 62 1415186812988   
066 2 62 1415186813674   
065 2 62 1415186814165   
064 2 62 1415186814888   
066 1415186815001
063 2 62 1415186815360   
067 1415186815441
065 1415186815884
062 2 62 1415186816073   
064 1415186816194
061 2 62 1415186816547   
068 1415186816577
060 2 62 1415186817295   
059 2 62 1415186817755   
062 1415186817763
063 1415186818416
058 2 62 1415186818463   
057 2 62 1415186818930   
059 1415186819012
058 1415186819525
056 2 62 1415186819630   
057 1415186819934
055 2 62 1415186820096   
060 1415186820383
054 2 62 1415186820782   
053 2 62 1415186821247   
056 1415186821561
052 2 62 1415186821962   
051 2 62 1415186822427   
050 2 62 1415186823120   
054 1415186823334
049 2 62 1415186823617   
052 1415186824224
048 2 62 1415186824328   
047 2 62 1415186824809   
049 1415186824815
050 1415186825476
046 2 62 1415186825506   
045 2 62 1415186825993   
047 1415186826088
046 1415186826603
044 2 62 1415186826674   
045 1415186826998
043 2 62 1415186827144   
048 1415186827467
042 2 62 1415186827822   
044 1415186828088
041 2 62 1415186828299   
043 1415186828422
040 2 62 1415186828994   
051 1415186829011
039 2 62 1415186829487   
038 2 62 1415186830234   
041 1415186830299
037 2 62 1415186830723   
036 2 62 1415186831451   
035 2 62 1415186831964   
039 1415186832242
034 2 62 1415186832698   
037 1415186833156
033 2 62 1415186833173   
032 2 62 1415186833855   
035 1415186833993
031 2 62 1415186834336   
033 1415186834667
030 2 62 1415186835037   
032 1415186835240
029 2 62 1415186835543   
031 1415186835867
028 2 62 1415186836239   
030 1415186836475
027 2 62 1415186836733   
029 1415186837069
026 2 62 1415186837453   
028 1415186837625
025 2 62 1415186837935   
024 2 62 1415186838609   
023 2 62 1415186839083   
027 1415186839349
022 2 62 1415186839770   
021 2 62 1415186840244   
020 2 62 1415186840947   
025 1415186841051
019 2 62 1415186841416   
023 1415186842026
018 2 62 1415186842110   
017 2 62 1415186842576   
020 1415186842856
016 2 62 1415186843321   
019 1415186843575
015 2 62 1415186843788   
017 1415186844155
014 2 62 1415186844513   
016 1415186844856
013 2 62 1415186844980   
015 1415186845599
012 2 62 1415186845687   
011 2 62 1415186846168   
013 1415186846220
010 2 62 1415186846865   
009 2 62 1415186847364   
014 1415186847475
008 2 62 1415186848086   
007 2 62 1415186848554   
012 1415186849104
006 2 62 1415186849237   
005 2 62 1415186849702   
008 1415186850316
004 2 62 1415186850401   
003 2 62 1415186850871   
006 1415186851580
002 2 62 1415186851591   
001 2 62 1415186852079   
004 1415186852560
002 1415186853072
001 1415186853448
003 1415186853800
005 1415186854154
007 1415186854644
009 1415186855005
010 1415186855375
018 1415186855739
021 1415186856097
022 1415186856456
024 1415186856821
026 1415186857259
034 1415186857647
036 1415186858077
038 1415186858498
040 1415186858942
---
100 2 62 1415186927413   
099 2 62 1415186927893   
098 2 62 1415186928610   
100 1415186928883
097 2 62 1415186929094   
099 1415186929127
096 2 62 1415186929815   
098 1415186929845
095 2 62 1415186930294   
094 2 62 1415186931021   
097 1415186931053
093 2 62 1415186931511   
095 1415186931769
092 2 62 1415186932242   
094 1415186932558
091 2 62 1415186932713   
093 1415186933204
090 2 62 1415186933406   
091 1415186933516
092 1415186933808
089 2 62 1415186933873   
090 1415186934206
096 1415186934564
088 2 62 1415186934620   
089 1415186934834
087 2 62 1415186935096   
088 1415186935369
086 2 62 1415186935822   
087 1415186935886
085 2 62 1415186936306   
086 1415186936403
084 2 62 1415186937035   
085 1415186937435
083 2 62 1415186937507   
084 1415186937616
082 2 62 1415186938197   
083 1415186938448
081 2 62 1415186938680   
080 2 62 1415186939370   
079 2 62 1415186939838   
078 2 62 1415186940532   
081 1415186940607
077 2 62 1415186941009   
080 1415186941238
078 1415186941673
076 2 62 1415186941744   
079 1415186942149
075 2 62 1415186942216   
077 1415186942598
074 2 62 1415186942955   
076 1415186943095
073 2 62 1415186943453   
075 1415186943514
074 1415186943880
072 2 62 1415186944155   
073 1415186944237
082 1415186944642
071 2 62 1415186944643   
072 1415186944984
070 2 62 1415186945391   
071 1415186945821
069 2 62 1415186945857   
070 1415186946115
068 2 62 1415186946569   
067 2 62 1415186947037   
066 2 62 1415186947753   
069 1415186947765
065 2 62 1415186948231   
064 2 62 1415186948922   
067 1415186949057
063 2 62 1415186949422   
065 1415186949876
062 2 62 1415186950125   
064 1415186950402
061 2 62 1415186950603   
063 1415186950847
060 2 62 1415186951307   
062 1415186951385
059 2 62 1415186951794   
066 1415186951892
060 1415186952461
058 2 62 1415186952500   
057 2 62 1415186952970   
059 1415186952990
058 1415186953520
056 2 62 1415186953677   
057 1415186953844
055 2 62 1415186954168   
068 1415186954446
054 2 62 1415186954914   
053 2 62 1415186955411   
056 1415186955809
052 2 62 1415186956154   
051 2 62 1415186956627   
050 2 62 1415186957401   
054 1415186957482
049 2 62 1415186957889   
051 1415186958396
048 2 62 1415186958618   
049 1415186959034
047 2 62 1415186959106   
050 1415186959541
046 2 62 1415186959856   
048 1415186960174
045 2 62 1415186960333   
047 1415186960641
044 2 62 1415186961071   
046 1415186961131
043 2 62 1415186961573   
045 1415186961708
044 1415186962279
042 2 62 1415186962295   
041 2 62 1415186962777   
043 1415186962850
040 2 62 1415186963476   
039 2 62 1415186963965   
052 1415186964124
038 2 62 1415186964692   
037 2 62 1415186965185   
041 1415186965873
036 2 62 1415186965950   
035 2 62 1415186966428   
038 1415186966777
034 2 62 1415186967187   
036 1415186967534
033 2 62 1415186967678   
035 1415186968151
032 2 62 1415186968411   
034 1415186968759
031 2 62 1415186968893   
033 1415186969308
030 2 62 1415186969621   
032 1415186969983
029 2 62 1415186970109   
031 1415186970593
028 2 62 1415186970837   
030 1415186971186
027 2 62 1415186971313   
029 1415186971684
026 2 62 1415186972049   
025 2 62 1415186972570   
028 1415186972674
024 2 62 1415186973264   
023 2 62 1415186973729   
027 1415186974295
022 2 62 1415186974439   
021 2 62 1415186974916   
020 2 62 1415186975626   
024 1415186975652
019 2 62 1415186976105   
022 1415186976827
018 2 62 1415186976847   
017 2 62 1415186977342   
020 1415186977631
016 2 62 1415186978104   
018 1415186978515
015 2 62 1415186978594   
017 1415186979225
014 2 62 1415186979308   
013 2 62 1415186979796   
015 1415186979915
016 1415186980530
012 2 62 1415186980540   
011 2 62 1415186981030   
013 1415186981388
010 2 62 1415186981772   
009 2 62 1415186982243   
012 1415186982253
008 2 62 1415186982925   
011 1415186983049
007 2 62 1415186983393   
006 2 62 1415186984087   
009 1415186984513
005 2 62 1415186984577   
004 2 62 1415186985288   
003 2 62 1415186985787   
007 1415186985796
002 2 62 1415186986487   
005 1415186986956
001 2 62 1415186986970   
003 1415186987594
002 1415186988309
001 1415186988676
004 1415186989012
008 1415186989372
010 1415186989741
014 1415186990118
019 1415186990487
021 1415186990839
023 1415186991322
025 1415186991672
026 1415186992027
037 1415186992388
039 1415186992741
040 1415186993089
---
100 2 62 1415187062614   
099 2 62 1415187063097   
100 1415187063794
098 2 62 1415187063809   
097 2 62 1415187064284   
099 1415187064519
096 2 62 1415187064996   
098 1415187065344
095 2 62 1415187065479   
097 1415187066056
094 2 62 1415187066193   
093 2 62 1415187066675   
096 1415187067242
092 2 62 1415187067384   
094 1415187067701
091 2 62 1415187067855   
093 1415187067981
092 1415187068228
095 1415187068496
090 2 62 1415187068577   
089 2 62 1415187069055   
090 1415187069492
088 2 62 1415187069750   
087 2 62 1415187070223   
086 2 62 1415187070941   
085 2 62 1415187071419   
086 1415187071660
084 2 62 1415187072125   
083 2 62 1415187072603   
082 2 62 1415187073324   
081 2 62 1415187073812   
084 1415187074050
082 1415187074440
080 2 62 1415187074509   
079 2 62 1415187075001   
080 1415187075506
078 2 62 1415187075743   
077 2 62 1415187076216   
078 1415187076794
076 2 62 1415187076933   
075 2 62 1415187077403   
076 1415187077738
074 2 62 1415187078136   
073 2 62 1415187078616   
074 1415187079259
072 2 62 1415187079345   
071 2 62 1415187079817   
072 1415187080167
070 2 62 1415187080569   
069 2 62 1415187081053   
068 2 62 1415187081778   
070 1415187081859
067 2 62 1415187082271   
066 2 62 1415187082982   
065 2 62 1415187083457   
064 2 62 1415187084156   
063 2 62 1415187084624   
062 2 62 1415187085379   
061 2 62 1415187085847   
060 2 62 1415187086553   
059 2 62 1415187087025   
091 1415187087647
058 2 62 1415187087717   
057 2 62 1415187088193   
056 2 62 1415187088917   
055 2 62 1415187089383   
057 1415187089612
054 2 62 1415187090092   
053 2 62 1415187090601   
059 1415187090681
052 2 62 1415187091346   
055 1415187091408
051 2 62 1415187091825   
053 1415187092125
050 2 62 1415187092570   
049 2 62 1415187093054   
063 1415187093080
051 1415187093680
048 2 62 1415187093751   
049 1415187094153
047 2 62 1415187094219   
065 1415187094568
046 2 62 1415187094958   
067 1415187095110
045 2 62 1415187095434   
047 1415187095560
069 1415187095985
044 2 62 1415187096146   
045 1415187096541
043 2 62 1415187096615   
071 1415187096924
042 2 62 1415187097355   
073 1415187097773
041 2 62 1415187097829   
043 1415187098354
040 2 62 1415187098585   
039 2 62 1415187099077   
041 1415187099166
038 2 62 1415187099778   
068 1415187100139
037 2 62 1415187100258   
039 1415187100660
036 2 62 1415187100998   
035 2 62 1415187101492   
075 1415187101836
034 2 62 1415187102230   
033 2 62 1415187102711   
037 1415187103059
032 2 62 1415187103485   
035 1415187103956
031 2 62 1415187103973   
033 1415187104668
030 2 62 1415187104693   
029 2 62 1415187105165   
031 1415187105347
028 2 62 1415187105880   
030 1415187106012
027 2 62 1415187106358   
029 1415187106720
026 2 62 1415187107076   
028 1415187107223
025 2 62 1415187107576   
027 1415187108034
024 2 62 1415187108289   
026 1415187108621
023 2 62 1415187108767   
025 1415187109210
022 2 62 1415187109485   
021 2 62 1415187109955   
020 2 62 1415187110675   
024 1415187110851
019 2 62 1415187111151   
018 2 62 1415187111847   
023 1415187111916
017 2 62 1415187112331   
021 1415187112844
016 2 62 1415187113039   
015 2 62 1415187113508   
019 1415187114186
014 2 62 1415187114200   
013 2 62 1415187114667   
012 2 62 1415187115377   
017 1415187115519
011 2 62 1415187115858   
011 1415187116486
010 2 62 1415187116561   
009 2 62 1415187117027   
012 1415187117169
008 2 62 1415187117736   
010 1415187118002
007 2 62 1415187118216   
013 1415187118674
006 2 62 1415187118941   
008 1415187119334
005 2 62 1415187119419   
007 1415187120063
004 2 62 1415187120125   
003 2 62 1415187120601   
005 1415187121260
002 2 62 1415187121346   
001 2 62 1415187121821   
004 1415187122400
002 1415187122982
001 1415187123401
003 1415187123829
006 1415187124261
014 1415187124683
015 1415187125072
016 1415187125575
018 1415187125990
020 1415187126470
022 1415187126860
032 1415187127220
034 1415187127584
036 1415187127929
038 1415187128284
040 1415187128637
042 1415187129105
046 1415187129466
048 1415187129833
050 1415187130200
052 1415187130555
054 1415187130911
056 1415187131263
058 1415187131687
060 1415187132047
062 1415187132400
064 1415187132757
066 1415187133109
077 1415187133467
079 1415187133833
081 1415187134241
083 1415187134927
085 1415187135281
087 1415187135628
---
100 2 41 1415187196922   
099 2 41 1415187197264   
098 2 41 1415187197816   
097 2 41 1415187198177   
096 2 41 1415187198740   
099 1415187198968
095 2 41 1415187199094   
098 1415187199530
094 2 41 1415187199663   
096 1415187199951
093 2 41 1415187200040   
097 1415187200267
092 2 41 1415187200619   
095 1415187200706
091 2 41 1415187200975   
094 1415187201036
093 1415187201296
090 2 41 1415187201546   
092 1415187201631
089 2 41 1415187201911   
100 1415187201957
088 2 41 1415187202500   
090 1415187202660
087 2 41 1415187202867   
091 1415187203098
086 2 41 1415187203405   
088 1415187203493
085 2 41 1415187203760   
087 1415187203793
089 1415187204040
086 1415187204340
084 2 41 1415187204341   
085 1415187204638
083 2 41 1415187204691   
082 2 41 1415187205233   
084 1415187205261
083 1415187205542
081 2 41 1415187205586   
080 2 41 1415187206162   
079 2 41 1415187206512   
081 1415187206752
078 2 41 1415187207093   
080 1415187207189
077 2 41 1415187207440   
076 2 41 1415187207995   
075 2 41 1415187208370   
074 2 41 1415187208926   
073 2 41 1415187209273   
079 1415187209662
072 2 41 1415187209840   
071 2 41 1415187210196   
070 2 41 1415187210736   
069 2 41 1415187211081   
075 1415187211160
068 2 41 1415187211653   
067 2 41 1415187212005   
066 2 41 1415187212567   
072 1415187212648
065 2 41 1415187212944   
069 1415187213240
064 2 41 1415187213478   
063 2 41 1415187213826   
066 1415187213863
065 1415187214349
062 2 41 1415187214395   
061 2 41 1415187214761   
064 1415187214834
060 2 41 1415187215306   
063 1415187215373
059 2 41 1415187215680   
062 1415187216184
058 2 41 1415187216235   
057 2 41 1415187216587   
060 1415187216813
056 2 41 1415187217169   
058 1415187217554
055 2 41 1415187217556   
054 2 41 1415187218117   
053 2 41 1415187218474   
057 1415187218823
052 2 41 1415187219053   
051 2 41 1415187219436   
050 2 41 1415187220002   
054 1415187220077
049 2 41 1415187220369   
048 2 41 1415187220913   
052 1415187221030
047 2 41 1415187221267   
046 2 41 1415187221823   
045 2 41 1415187222179   
053 1415187222626
044 2 41 1415187222742   
043 2 41 1415187223099   
042 2 41 1415187223613   
047 1415187223677
041 2 41 1415187223962   
046 1415187224424
040 2 41 1415187224513   
039 2 41 1415187224869   
038 2 41 1415187225415   
041 1415187225488
037 2 41 1415187225764   
036 2 41 1415187226321   
040 1415187226348
035 2 41 1415187226675   
038 1415187227053
034 2 41 1415187227295   
033 2 41 1415187227659   
036 1415187227723
032 2 41 1415187228199   
031 2 41 1415187228542   
039 1415187228854
030 2 41 1415187229094   
029 2 41 1415187229446   
028 2 41 1415187230006   
027 2 41 1415187230387   
026 2 41 1415187230929   
025 2 41 1415187231311   
034 1415187231414
024 2 41 1415187231902   
023 2 41 1415187232282   
027 1415187232526
022 2 41 1415187232848   
021 2 41 1415187233227   
025 1415187233370
020 2 41 1415187233789   
019 2 41 1415187234185   
023 1415187234310
018 2 41 1415187234730   
017 2 41 1415187235091   
021 1415187235212
016 2 41 1415187235646   
015 2 41 1415187236024   
019 1415187236084
014 2 41 1415187236569   
013 2 41 1415187236961   
017 1415187236970
012 2 41 1415187237500   
011 2 41 1415187237840   
010 2 41 1415187238381   
015 1415187238664
009 2 41 1415187238737   
008 2 41 1415187239259   
007 2 41 1415187239598   
006 2 41 1415187240132   
013 1415187240460
005 2 41 1415187240500   
004 2 41 1415187241032   
003 2 41 1415187241413   
002 2 41 1415187241980   
008 1415187242042
001 2 41 1415187242336   
004 1415187242889
002 1415187243418
001 1415187243792
003 1415187244140
005 1415187244481
006 1415187244957
007 1415187245317
009 1415187245668
010 1415187246015
012 1415187246377
014 1415187246727
016 1415187247095
018 1415187247445
020 1415187247932
022 1415187248354
024 1415187248770
026 1415187249185
028 1415187249645
029 1415187250116
030 1415187250466
031 1415187250811
032 1415187251164
033 1415187251525
035 1415187251903
037 1415187252259
042 1415187252713
043 1415187253060
045 1415187253419
048 1415187253776
049 1415187254118
050 1415187254463
051 1415187254795
055 1415187255153
056 1415187255583
059 1415187255930
067 1415187256285
068 1415187256620
070 1415187256966
071 1415187257307
073 1415187257670
074 1415187258316
076 1415187258658
077 1415187259011
---

100 5 50 1415189571831   
099 5 50 1415189572262   
098 5 50 1415189572667   
097 5 50 1415189573081   
096 5 50 1415189573492   
095 5 50 1415189574138   
094 5 50 1415189574535   
093 5 50 1415189574936   
092 5 50 1415189575341   
091 5 50 1415189575763   
090 5 50 1415189576384   
089 5 50 1415189576781   
088 5 50 1415189577190   
098 1415189577258
087 5 50 1415189577602   
086 5 50 1415189578041   
085 5 50 1415189578649   
084 5 50 1415189579048   
093 1415189579240
083 5 50 1415189579454   
082 5 50 1415189579875   
081 5 50 1415189580302   
089 1415189580782
080 5 50 1415189580903   
079 5 50 1415189581315   
078 5 50 1415189581759   
077 5 50 1415189582185   
076 5 50 1415189582635   
083 1415189582864
075 5 50 1415189583255   
074 5 50 1415189583661   
073 5 50 1415189584068   
072 5 50 1415189584469   
071 5 50 1415189584882   
078 1415189585048
070 5 50 1415189585506   
069 5 50 1415189585917   
068 5 50 1415189586344   
067 5 50 1415189586753   
066 5 50 1415189587166   
065 5 50 1415189587769   
064 5 50 1415189588189   
063 5 50 1415189588617   
072 1415189588976
062 5 50 1415189589033   
061 5 50 1415189589455   
060 5 50 1415189590075   
059 5 50 1415189590484   
064 1415189590739
058 5 50 1415189590895   
057 5 50 1415189591319   
056 5 50 1415189591730   
061 1415189592320
055 5 50 1415189592323   
054 5 50 1415189592724   
053 5 50 1415189593140   
052 5 50 1415189593550   
056 1415189593843
051 5 50 1415189593966   
050 5 50 1415189594605   
049 5 50 1415189595049   
048 5 50 1415189595471   
053 1415189595767
047 5 50 1415189595896   
046 5 50 1415189596296   
045 5 50 1415189596895   
044 5 50 1415189597305   
043 5 50 1415189597713   
042 5 50 1415189598128   
041 5 50 1415189598555   
040 5 50 1415189599201   
039 5 50 1415189599606   
038 5 50 1415189600051   
050 1415189600122
037 5 50 1415189600520   
036 5 50 1415189600918   
035 5 50 1415189601531   
034 5 50 1415189601962   
033 5 50 1415189602403   
032 5 50 1415189602805   
031 5 50 1415189603213   
040 1415189603270
030 5 50 1415189603842   
029 5 50 1415189604265   
028 5 50 1415189604693   
027 5 50 1415189605106   
026 5 50 1415189605508   
033 1415189606117
025 5 50 1415189606137   
024 5 50 1415189606542   
023 5 50 1415189606986   
022 5 50 1415189607401   
021 5 50 1415189607813   
027 1415189608142
020 5 50 1415189608471   
019 5 50 1415189608877   
018 5 50 1415189609299   
017 5 50 1415189609721   
016 5 50 1415189610146   
015 5 50 1415189610749   
014 5 50 1415189611190   
013 5 50 1415189611594   
022 1415189611725
012 5 50 1415189612025   
011 5 50 1415189612436   
010 5 50 1415189613079   
009 5 50 1415189613520   
008 5 50 1415189613956   
007 5 50 1415189614359   
006 5 50 1415189614772   
016 1415189614808
005 5 50 1415189615388   
004 5 50 1415189615785   
003 5 50 1415189616191   
002 5 50 1415189616611   
008 1415189616690
001 5 50 1415189617026   
003 1415189617916
001 1415189618244
002 1415189618569
004 1415189618991
006 1415189619399
007 1415189619755
009 1415189620590
012 1415189620911
013 1415189621214
014 1415189621512
017 1415189621827
018 1415189622183
019 1415189622484
020 1415189622926
021 1415189623270
023 1415189623599
024 1415189623924
025 1415189624235
026 1415189624532
028 1415189624833
029 1415189625151
030 1415189625453
031 1415189625850
032 1415189626175
034 1415189626493
035 1415189626796
036 1415189627184
037 1415189627578
038 1415189627940
039 1415189628288
041 1415189628894
042 1415189629198
043 1415189629505
044 1415189629792
045 1415189630126
046 1415189630432
047 1415189630747
048 1415189631045
049 1415189631473
051 1415189631785
052 1415189632085
054 1415189632400
055 1415189632701
057 1415189632998
058 1415189633316
059 1415189633630
060 1415189633935
062 1415189634324
063 1415189634632
065 1415189634949
066 1415189635250
067 1415189635562
068 1415189635871
069 1415189636184
070 1415189636480
071 1415189636867
073 1415189637178
074 1415189637485
075 1415189637784
076 1415189638098
077 1415189638413
079 1415189638728
080 1415189639023
081 1415189639331
084 1415189639751
085 1415189640048
086 1415189640366
087 1415189640711
090 1415189641016
091 1415189641329
092 1415189641647
094 1415189641965
096 1415189642355
097 1415189642666
099 1415189643006
100 1415189643333
---
100 5 50 1415189821393   
099 5 50 1415189821798   
098 5 50 1415189822201   
097 5 50 1415189822612   
096 5 50 1415189823045   
095 5 50 1415189823657   
094 5 50 1415189824067   
093 5 50 1415189824504   
092 5 50 1415189824914   
091 5 50 1415189825319   
090 5 50 1415189825973   
089 5 50 1415189826399   
088 5 50 1415189826804   
087 5 50 1415189827223   
086 5 50 1415189827647   
096 1415189828234
085 5 50 1415189828262   
084 5 50 1415189828702   
083 5 50 1415189829097   
082 5 50 1415189829510   
081 5 50 1415189829921   
088 1415189830064
080 5 50 1415189830534   
079 5 50 1415189830975   
083 1415189831379
078 5 50 1415189831390   
077 5 50 1415189831843   
076 5 50 1415189832257   
084 1415189832888
075 5 50 1415189832904   
074 5 50 1415189833341   
073 5 50 1415189833767   
072 5 50 1415189834187   
078 1415189834299
071 5 50 1415189834611   
070 5 50 1415189835238   
069 5 50 1415189835647   
068 5 50 1415189836061   
067 5 50 1415189836471   
066 5 50 1415189836901   
065 5 50 1415189837539   
064 5 50 1415189837958   
074 1415189838029
063 5 50 1415189838364   
062 5 50 1415189838798   
061 5 50 1415189839217   
060 5 50 1415189839870   
059 5 50 1415189840283   
058 5 50 1415189840699   
067 1415189841006
057 5 50 1415189841120   
056 5 50 1415189841524   
055 5 50 1415189842160   
054 5 50 1415189842621   
053 5 50 1415189843033   
052 5 50 1415189843470   
059 1415189843546
051 5 50 1415189843907   
050 5 50 1415189844543   
049 5 50 1415189844949   
048 5 50 1415189845415   
047 5 50 1415189845815   
053 1415189845930
046 5 50 1415189846223   
045 5 50 1415189846867   
044 5 50 1415189847275   
043 5 50 1415189847680   
042 5 50 1415189848105   
041 5 50 1415189848516   
040 5 50 1415189849132   
050 1415189849242
039 5 50 1415189849526   
038 5 50 1415189849930   
037 5 50 1415189850336   
036 5 50 1415189850744   
035 5 50 1415189851358   
034 5 50 1415189851828   
041 1415189852208
033 5 50 1415189852232   
032 5 50 1415189852637   
031 5 50 1415189853048   
030 5 50 1415189853657   
029 5 50 1415189854061   
028 5 50 1415189854505   
037 1415189854885
027 5 50 1415189854904   
026 5 50 1415189855323   
025 5 50 1415189855961   
024 5 50 1415189856389   
023 5 50 1415189856817   
022 5 50 1415189857236   
021 5 50 1415189857635   
030 1415189857708
020 5 50 1415189858245   
019 5 50 1415189858657   
018 5 50 1415189859076   
017 5 50 1415189859483   
016 5 50 1415189859890   
015 5 50 1415189860510   
014 5 50 1415189860913   
013 5 50 1415189861332   
012 5 50 1415189861740   
011 5 50 1415189862163   
010 5 50 1415189862771   
009 5 50 1415189863172   
023 1415189863241
008 5 50 1415189863574   
007 5 50 1415189863988   
006 5 50 1415189864416   
005 5 50 1415189865065   
004 5 50 1415189865480   
003 5 50 1415189865888   
002 5 50 1415189866297   
001 5 50 1415189866731   
010 1415189867144
002 1415189868571
003 1415189869022
004 1415189869730
005 1415189870110
006 1415189870481
007 1415189870845
009 1415189871198
011 1415189871619
012 1415189871981
013 1415189872496
014 1415189872867
016 1415189873266
017 1415189873644
018 1415189874013
019 1415189874364
020 1415189874713
021 1415189875163
022 1415189875531
024 1415189875880
025 1415189876230
026 1415189876644
027 1415189877097
028 1415189877526
029 1415189878263
031 1415189878627
032 1415189878996
033 1415189879341
034 1415189879694
035 1415189880085
036 1415189880427
038 1415189880928
039 1415189881295
040 1415189881665
042 1415189882024
043 1415189882380
044 1415189882762
045 1415189883111
046 1415189883566
047 1415189883915
048 1415189884271
049 1415189884628
051 1415189885018
052 1415189885457
054 1415189885872
055 1415189886288
056 1415189886927
057 1415189887278
058 1415189887651
060 1415189888005
061 1415189888366
062 1415189888715
063 1415189889082
064 1415189889587
065 1415189889950
066 1415189890308
068 1415189890678
069 1415189891044
070 1415189891399
071 1415189891746
072 1415189892249
073 1415189892601
075 1415189892946
076 1415189893310
077 1415189893681
079 1415189894045
---
100 5 50 1415189942468   
099 5 50 1415189942878   
098 5 50 1415189943303   
097 5 50 1415189943712   
096 5 50 1415189944127   
095 5 50 1415189944737   
094 5 50 1415189945136   
093 5 50 1415189945571   
092 5 50 1415189945978   
091 5 50 1415189946411   
090 5 50 1415189947032   
089 5 50 1415189947433   
088 5 50 1415189947830   
087 5 50 1415189948292   
097 1415189948530
086 5 50 1415189948739   
085 5 50 1415189949363   
084 5 50 1415189949768   
083 5 50 1415189950186   
089 1415189950313
082 5 50 1415189950598   
081 5 50 1415189951016   
084 1415189951362
080 5 50 1415189951672   
079 5 50 1415189952127   
078 5 50 1415189952570   
082 1415189952877
077 5 50 1415189952980   
076 5 50 1415189953436   
079 1415189954001
075 5 50 1415189954100   
074 5 50 1415189954515   
078 1415189954830
073 5 50 1415189954931   
072 5 50 1415189955350   
071 5 50 1415189955756   
070 5 50 1415189956350   
069 5 50 1415189956780   
068 5 50 1415189957205   
067 5 50 1415189957611   
066 5 50 1415189958022   
065 5 50 1415189958648   
077 1415189958998
064 5 50 1415189959083   
063 5 50 1415189959490   
062 5 50 1415189959894   
061 5 50 1415189960332   
060 5 50 1415189960952   
059 5 50 1415189961354   
058 5 50 1415189961762   
066 1415189961865
057 5 50 1415189962185   
056 5 50 1415189962589   
061 1415189963159
055 5 50 1415189963226   
054 5 50 1415189963657   
053 5 50 1415189964081   
052 5 50 1415189964519   
051 5 50 1415189964938   
058 1415189965019
050 5 50 1415189965586   
049 5 50 1415189966005   
048 5 50 1415189966472   
047 5 50 1415189966922   
046 5 50 1415189967366   
045 5 50 1415189968004   
044 5 50 1415189968437   
053 1415189968500
043 5 50 1415189968854   
042 5 50 1415189969297   
041 5 50 1415189969717   
040 5 50 1415189970337   
039 5 50 1415189970736   
038 5 50 1415189971160   
037 5 50 1415189971597   
051 1415189971991
036 5 50 1415189971998   
035 5 50 1415189972622   
034 5 50 1415189973024   
033 5 50 1415189973439   
032 5 50 1415189973855   
031 5 50 1415189974271   
044 1415189974370
030 5 50 1415189974891   
029 5 50 1415189975290   
028 5 50 1415189975689   
027 5 50 1415189976151   
026 5 50 1415189976561   
035 1415189976606
025 5 50 1415189977211   
024 5 50 1415189977617   
023 5 50 1415189978027   
022 5 50 1415189978434   
021 5 50 1415189978838   
020 5 50 1415189979508   
019 5 50 1415189979909   
018 5 50 1415189980331   
017 5 50 1415189980748   
029 1415189981116
016 5 50 1415189981179   
015 5 50 1415189981820   
014 5 50 1415189982231   
013 5 50 1415189982630   
012 5 50 1415189983058   
011 5 50 1415189983496   
010 5 50 1415189984142   
022 1415189984307
009 5 50 1415189984550   
008 5 50 1415189984960   
007 5 50 1415189985371   
006 5 50 1415189985766   
005 5 50 1415189986379   
004 5 50 1415189986786   
003 5 50 1415189987205   
002 5 50 1415189987614   
009 1415189987856
001 5 50 1415189988018   
003 1415189989491
002 1415189990608
004 1415189990990
005 1415189991483
006 1415189991847
007 1415189992209
010 1415189992581
011 1415189993094
012 1415189993473
013 1415189993809
014 1415189994180
016 1415189994525
017 1415189994899
018 1415189995262
019 1415189995616
020 1415189996053
021 1415189996495
023 1415189996983
024 1415189997457
025 1415189998015
026 1415189998547
027 1415189998931
028 1415189999289
030 1415189999646
031 1415189999980
032 1415190000333
033 1415190000694
034 1415190001174
036 1415190001519
037 1415190001897
038 1415190002269
039 1415190002639
040 1415190002982
041 1415190003332
042 1415190003783
043 1415190004118
045 1415190004488
046 1415190004829
047 1415190005181
048 1415190005530
049 1415190005903
050 1415190006422
052 1415190007137
054 1415190007493
055 1415190007834
056 1415190008185
057 1415190008534
059 1415190008911
060 1415190009383
062 1415190009745
063 1415190010099
064 1415190010465
065 1415190010803
067 1415190011162
068 1415190011504
069 1415190011946
070 1415190012289
071 1415190012644
072 1415190012988
073 1415190013346
074 1415190013697
075 1415190014077
076 1415190014428
---
100 10 25 1415190161914   
099 10 25 1415190162163   
098 10 25 1415190162421   
097 10 25 1415190162708   
096 10 25 1415190162995   
095 10 25 1415190163253   
094 10 25 1415190163524   
093 10 25 1415190163789   
092 10 25 1415190164060   
091 10 25 1415190164322   
090 10 25 1415190164744   
089 10 25 1415190165007   
088 10 25 1415190165281   
087 10 25 1415190165563   
086 10 25 1415190165811   
085 10 25 1415190166061   
084 10 25 1415190166313   
083 10 25 1415190166587   
082 10 25 1415190166836   
081 10 25 1415190167099   
080 10 25 1415190167520   
079 10 25 1415190167769   
078 10 25 1415190168019   
077 10 25 1415190168273   
076 10 25 1415190168547   
075 10 25 1415190168840   
074 10 25 1415190169103   
073 10 25 1415190169371   
072 10 25 1415190169635   
071 10 25 1415190169897   
070 10 25 1415190170355   
069 10 25 1415190170621   
068 10 25 1415190170887   
067 10 25 1415190171149   
066 10 25 1415190171428   
065 10 25 1415190171715   
064 10 25 1415190171967   
063 10 25 1415190172228   
062 10 25 1415190172481   
061 10 25 1415190172735   
060 10 25 1415190173163   
059 10 25 1415190173444   
058 10 25 1415190173713   
057 10 25 1415190174005   
056 10 25 1415190174291   
055 10 25 1415190174548   
054 10 25 1415190174827   
053 10 25 1415190175088   
052 10 25 1415190175355   
051 10 25 1415190175623   
050 10 25 1415190176041   
049 10 25 1415190176322   
048 10 25 1415190176608   
047 10 25 1415190176868   
046 10 25 1415190177138   
045 10 25 1415190177412   
044 10 25 1415190177696   
043 10 25 1415190177989   
042 10 25 1415190178257   
041 10 25 1415190178551   
040 10 25 1415190178955   
039 10 25 1415190179215   
038 10 25 1415190179481   
037 10 25 1415190179746   
036 10 25 1415190180023   
035 10 25 1415190180316   
034 10 25 1415190180580   
033 10 25 1415190180844   
032 10 25 1415190181120   
031 10 25 1415190181386   
030 10 25 1415190181892   
029 10 25 1415190182175   
028 10 25 1415190182429   
027 10 25 1415190182725   
026 10 25 1415190183009   
025 10 25 1415190183262   
024 10 25 1415190183527   
023 10 25 1415190183804   
022 10 25 1415190184055   
021 10 25 1415190184309   
020 10 25 1415190184731   
080 1415190184979
019 10 25 1415190185009   
018 10 25 1415190185294   
017 10 25 1415190185553   
016 10 25 1415190185805   
015 10 25 1415190186079   
014 10 25 1415190186363   
013 10 25 1415190186665   
012 10 25 1415190186921   
011 10 25 1415190187214   
010 10 25 1415190187667   
009 10 25 1415190187932   
008 10 25 1415190188203   
007 10 25 1415190188476   
006 10 25 1415190188744   
005 10 25 1415190189001   
004 10 25 1415190189261   
003 10 25 1415190189540   
002 10 25 1415190189804   
001 10 25 1415190190067   
034 1415190195023
001 1415190196025
002 1415190196405
003 1415190196802
004 1415190197179
005 1415190197558
007 1415190198058
008 1415190198465
010 1415190198957
011 1415190199398
012 1415190199818
013 1415190200279
014 1415190200714
015 1415190201149
016 1415190201980
017 1415190202333
018 1415190202685
019 1415190203052
020 1415190203434
021 1415190203792
023 1415190204181
024 1415190204683
025 1415190205104
026 1415190205481
027 1415190205837
028 1415190206200
030 1415190206555
031 1415190206921
032 1415190207270
033 1415190207725
035 1415190208073
036 1415190208449
037 1415190208834
038 1415190209274
039 1415190209723
040 1415190210159
041 1415190211000
042 1415190211359
043 1415190211708
044 1415190212072
045 1415190212436
046 1415190212803
047 1415190213155
048 1415190213659
049 1415190214026
050 1415190214383
051 1415190214740
052 1415190215109
053 1415190215466
054 1415190215823
055 1415190216270
056 1415190216626
057 1415190216988
058 1415190217375
059 1415190217739
060 1415190218121
061 1415190218484
062 1415190218849
063 1415190219339
064 1415190219690
065 1415190220057
066 1415190220457
067 1415190220808
068 1415190221173
069 1415190221523
070 1415190221974
071 1415190222383
072 1415190222772
073 1415190223169
074 1415190223543
075 1415190223921
076 1415190224275
077 1415190224748
078 1415190225122
079 1415190225478
081 1415190225836
082 1415190226194
083 1415190226558
084 1415190226916
---
100 20 12 1415192054500   
099 20 12 1415192055085   
098 20 12 1415192055539   
097 20 12 1415192056191   
096 20 12 1415192056712   
095 20 12 1415192057149   
094 20 12 1415192057732   
093 20 12 1415192058327   
092 20 12 1415192058923   
091 20 12 1415192059475   
090 20 12 1415192060093   
089 20 12 1415192060556   
088 20 12 1415192061032   
087 20 12 1415192061617   
086 20 12 1415192062241   
085 20 12 1415192062824   
084 20 12 1415192063358   
083 20 12 1415192063811   
082 20 12 1415192064260   
081 20 12 1415192064696   
080 20 12 1415192065811   
079 20 12 1415192066395   
078 20 12 1415192067015   
077 20 12 1415192067608   
076 20 12 1415192068216   
075 20 12 1415192068845   
074 20 12 1415192069447   
073 20 12 1415192070049   
072 20 12 1415192070622   
071 20 12 1415192071123   
070 20 12 1415192071601   
069 20 12 1415192072196   
068 20 12 1415192072832   
067 20 12 1415192073510   
066 20 12 1415192074092   
065 20 12 1415192074639   
064 20 12 1415192075264   
063 20 12 1415192075890   
062 20 12 1415192077142   
061 20 12 1415192077941   
060 20 12 1415192078954   
059 20 12 1415192079469   
058 20 12 1415192080039   
057 20 12 1415192080548   
056 20 12 1415192081203   
055 20 12 1415192081863   
054 20 12 1415192082528   
053 20 12 1415192083181   
052 20 12 1415192083859   
051 20 12 1415192084958   
050 20 12 1415192085717   
049 20 12 1415192086332   
048 20 12 1415192086965   
047 20 12 1415192087564   
046 20 12 1415192088237   
045 20 12 1415192088855   
044 20 12 1415192089412   
043 20 12 1415192090063   
042 20 12 1415192090759   
041 20 12 1415192091401   
040 20 12 1415192092540   
039 20 12 1415192093167   
038 20 12 1415192093720   
037 20 12 1415192094401   
036 20 12 1415192095030   
035 20 12 1415192095696   
034 20 12 1415192096299   
033 20 12 1415192096911   
032 20 12 1415192097446   
031 20 12 1415192098010   
030 20 12 1415192098593   
029 20 12 1415192099157   
028 20 12 1415192099827   
027 20 12 1415192100487   
026 20 12 1415192101167   
025 20 12 1415192101740   
024 20 12 1415192102383   
023 20 12 1415192103041   
022 20 12 1415192103554   
021 20 12 1415192104182   
020 20 12 1415192105420   
019 20 12 1415192106158   
018 20 12 1415192106842   
017 20 12 1415192107534   
016 20 12 1415192108185   
015 20 12 1415192108850   
014 20 12 1415192109563   
013 20 12 1415192110207   
012 20 12 1415192111481   
011 20 12 1415192112150   
010 20 12 1415192112803   
009 20 12 1415192113507   
008 20 12 1415192114139   
007 20 12 1415192114800   
006 20 12 1415192115463   
005 20 12 1415192116140   
004 20 12 1415192116828   
003 20 12 1415192117473   
002 20 12 1415192118154   
001 20 12 1415192118822   
001 1415192347749
008 1415192353015
011 1415192354741
017 1415192356550
020 1415192358234
021 1415192359856
023 1415192361491
029 1415192363279
032 1415192365243
033 1415192376151
039 1415192377829
041 1415192379581
043 1415192381089
045 1415192382468
051 1415192384565
052 1415192386306
055 1415192389039
060 1415192390825
062 1415192392934
064 1415192394943
066 1415192396720
076 1415192398458
083 1415192412206
085 1415192415001
087 1415192416482
088 1415192417853
089 1415192419245
090 1415192420599
091 1415192421973
092 1415192423347
093 1415192424719
095 1415192426170
097 1415192427529
098 1415192428856
099 1415192430251
100 1415192431614
----
100 30 8 1415194624461   
099 30 8 1415194624591   
098 30 8 1415194624718   
097 30 8 1415194624846   
096 30 8 1415194624982   
095 30 8 1415194625106   
094 30 8 1415194625231   
093 30 8 1415194625360   
092 30 8 1415194625508   
091 30 8 1415194625635   
090 30 8 1415194625771   
089 30 8 1415194625918   
088 30 8 1415194626053   
087 30 8 1415194626200   
086 30 8 1415194626329   
085 30 8 1415194626473   
084 30 8 1415194626614   
083 30 8 1415194626743   
082 30 8 1415194626898   
081 30 8 1415194627054   
080 30 8 1415194627182   
079 30 8 1415194627319   
078 30 8 1415194627447   
077 30 8 1415194627579   
076 30 8 1415194627716   
075 30 8 1415194627842   
074 30 8 1415194627973   
073 30 8 1415194628100   
072 30 8 1415194628224   
071 30 8 1415194628363   
070 30 8 1415194628581   
069 30 8 1415194628719   
068 30 8 1415194628847   
067 30 8 1415194628974   
066 30 8 1415194629099   
065 30 8 1415194629226   
064 30 8 1415194629360   
063 30 8 1415194629495   
062 30 8 1415194629633   
061 30 8 1415194629766   
060 30 8 1415194629891   
059 30 8 1415194630027   
058 30 8 1415194630163   
057 30 8 1415194630306   
056 30 8 1415194630457   
055 30 8 1415194630610   
054 30 8 1415194630740   
053 30 8 1415194630895   
052 30 8 1415194631038   
051 30 8 1415194631168   
050 30 8 1415194631312   
049 30 8 1415194631444   
048 30 8 1415194631575   
047 30 8 1415194631715   
046 30 8 1415194631846   
045 30 8 1415194631973   
044 30 8 1415194632112   
043 30 8 1415194632242   
042 30 8 1415194632367   
041 30 8 1415194632494   
040 30 8 1415194632743   
039 30 8 1415194632877   
038 30 8 1415194633010   
037 30 8 1415194633150   
036 30 8 1415194633274   
035 30 8 1415194633407   
034 30 8 1415194633570   
033 30 8 1415194633702   
032 30 8 1415194633845   
031 30 8 1415194633993   
030 30 8 1415194634133   
029 30 8 1415194634261   
028 30 8 1415194634394   
027 30 8 1415194634530   
026 30 8 1415194634662   
025 30 8 1415194634816   
024 30 8 1415194634959   
023 30 8 1415194635097   
022 30 8 1415194635227   
021 30 8 1415194635365   
020 30 8 1415194635492   
019 30 8 1415194635623   
018 30 8 1415194635769   
017 30 8 1415194635916   
016 30 8 1415194636043   
015 30 8 1415194636183   
014 30 8 1415194636312   
013 30 8 1415194636461   
012 30 8 1415194636605   
011 30 8 1415194636730   
010 30 8 1415194636974   
009 30 8 1415194637098   
008 30 8 1415194637245   
007 30 8 1415194637373   
006 30 8 1415194637498   
005 30 8 1415194637632   
004 30 8 1415194637781   
003 30 8 1415194637914   
002 30 8 1415194638043   
001 30 8 1415194638189   
100 30 8 1415194656447   
099 30 8 1415194656583   
098 30 8 1415194656723   
097 30 8 1415194656854   
096 30 8 1415194656983   
095 30 8 1415194657132   
094 30 8 1415194657261   
093 30 8 1415194657399   
092 30 8 1415194657525   
091 30 8 1415194657654   
090 30 8 1415194657784   
089 30 8 1415194657920   
088 30 8 1415194658062   
087 30 8 1415194658198   
086 30 8 1415194658335   
085 30 8 1415194658471   
084 30 8 1415194658623   
083 30 8 1415194658754   
082 30 8 1415194658889   
081 30 8 1415194659020   
080 30 8 1415194659166   
079 30 8 1415194659295   
078 30 8 1415194659429   
077 30 8 1415194659557   
076 30 8 1415194659692   
075 30 8 1415194659828   
074 30 8 1415194659961   
073 30 8 1415194660098   
072 30 8 1415194660228   
071 30 8 1415194660369   
070 30 8 1415194660609   
069 30 8 1415194660743   
068 30 8 1415194660873   
067 30 8 1415194661023   
066 30 8 1415194661174   
065 30 8 1415194661313   
064 30 8 1415194661454   
063 30 8 1415194661584   
062 30 8 1415194661714   
061 30 8 1415194661848   
060 30 8 1415194661974   
059 30 8 1415194662097   
058 30 8 1415194662249   
057 30 8 1415194662396   
056 30 8 1415194662532   
055 30 8 1415194662674   
054 30 8 1415194662800   
053 30 8 1415194662926   
052 30 8 1415194663056   
051 30 8 1415194663183   
050 30 8 1415194663332   
049 30 8 1415194663472   
048 30 8 1415194663618   
047 30 8 1415194663759   
046 30 8 1415194663917   
045 30 8 1415194664057   
044 30 8 1415194664199   
043 30 8 1415194664342   
042 30 8 1415194664481   
041 30 8 1415194664641   
040 30 8 1415194664875   
039 30 8 1415194665021   
038 30 8 1415194665167   
037 30 8 1415194665299   
036 30 8 1415194665439   
035 30 8 1415194665598   
034 30 8 1415194665741   
033 30 8 1415194665877   
032 30 8 1415194666026   
031 30 8 1415194666175   
030 30 8 1415194666325   
029 30 8 1415194666464   
028 30 8 1415194666606   
027 30 8 1415194666742   
026 30 8 1415194666872   
025 30 8 1415194667003   
024 30 8 1415194667140   
023 30 8 1415194667275   
022 30 8 1415194667414   
021 30 8 1415194667553   
020 30 8 1415194667680   
019 30 8 1415194667822   
018 30 8 1415194667958   
017 30 8 1415194668088   
016 30 8 1415194668243   
015 30 8 1415194668407   
014 30 8 1415194668560   
013 30 8 1415194668714   
012 30 8 1415194668845   
011 30 8 1415194669008   
010 30 8 1415194669261   
009 30 8 1415194669390   
008 30 8 1415194669538   
007 30 8 1415194669675   
006 30 8 1415194669803   
005 30 8 1415194669950   
004 30 8 1415194670086   
003 30 8 1415194670213   
002 30 8 1415194670361   
001 30 8 1415194670510   
004 1415194705127
005 1415194709705
003 1415194710431
009 1415194712136
010 1415194713835
012 1415194714273
015 1415194714698
016 1415194715149
035 1415194715421
036 1415194715881
040 1415194716462
042 1415194717675
043 1415194724005
046 1415194730573
047 1415194738832
067 1415194739369
068 1415194739751
071 1415194740287
074 1415194740604
075 1415194740954
078 1415194741459
090 1415194741967
097 1415194742508
098 1415194742891
003 1415194971551
---
100 40 6 1415195575375   
099 40 6 1415195575512   
098 40 6 1415195575664   
097 40 6 1415195575793   
096 40 6 1415195575922   
095 40 6 1415195576043   
094 40 6 1415195576175   
093 40 6 1415195576292   
092 40 6 1415195576415   
091 40 6 1415195576539   
090 40 6 1415195576682   
089 40 6 1415195576807   
088 40 6 1415195576946   
087 40 6 1415195577074   
086 40 6 1415195577206   
085 40 6 1415195577341   
084 40 6 1415195577465   
083 40 6 1415195577587   
082 40 6 1415195577720   
081 40 6 1415195577867   
080 40 6 1415195578011   
079 40 6 1415195578178   
078 40 6 1415195578306   
077 40 6 1415195578432   
076 40 6 1415195578577   
075 40 6 1415195578702   
074 40 6 1415195578828   
073 40 6 1415195578952   
072 40 6 1415195579078   
071 40 6 1415195579205   
070 40 6 1415195579331   
069 40 6 1415195579472   
068 40 6 1415195579604   
067 40 6 1415195579730   
066 40 6 1415195579863   
065 40 6 1415195580022   
064 40 6 1415195580164   
063 40 6 1415195580294   
062 40 6 1415195580417   
061 40 6 1415195580538   
060 40 6 1415195580805   
059 40 6 1415195580927   
058 40 6 1415195581052   
057 40 6 1415195581197   
056 40 6 1415195581329   
055 40 6 1415195581487   
054 40 6 1415195581626   
053 40 6 1415195581769   
052 40 6 1415195581912   
051 40 6 1415195582055   
050 40 6 1415195582189   
049 40 6 1415195582341   
048 40 6 1415195582489   
047 40 6 1415195582645   
046 40 6 1415195582812   
045 40 6 1415195582963   
044 40 6 1415195583101   
043 40 6 1415195583240   
042 40 6 1415195583390   
041 40 6 1415195583518   
040 40 6 1415195583657   
039 40 6 1415195583801   
038 40 6 1415195583943   
037 40 6 1415195584066   
036 40 6 1415195584206   
035 40 6 1415195584330   
034 40 6 1415195584481   
033 40 6 1415195584618   
032 40 6 1415195584771   
031 40 6 1415195584908   
030 40 6 1415195585051   
029 40 6 1415195585192   
028 40 6 1415195585328   
027 40 6 1415195585471   
026 40 6 1415195585598   
025 40 6 1415195585734   
024 40 6 1415195585871   
023 40 6 1415195586017   
022 40 6 1415195586171   
021 40 6 1415195586309   
020 40 6 1415195586580   
019 40 6 1415195586719   
018 40 6 1415195586849   
017 40 6 1415195586982   
016 40 6 1415195587118   
015 40 6 1415195587249   
014 40 6 1415195587386   
013 40 6 1415195587569   
012 40 6 1415195587780   
011 40 6 1415195587914   
010 40 6 1415195588076   
009 40 6 1415195588209   
008 40 6 1415195588361   
007 40 6 1415195588526   
006 40 6 1415195588672   
005 40 6 1415195588819   
004 40 6 1415195589013   
003 40 6 1415195589144   
002 40 6 1415195589280   
001 40 6 1415195589429   
010 1415195601171
001 1415195601918
002 1415195602136
013 1415195602469
015 1415195602772
020 1415195603011
022 1415195603236
023 1415195603513
024 1415195603724
026 1415195603943
035 1415195604189
036 1415195604411
039 1415195604680
040 1415195604899
047 1415195605136
048 1415195605865
050 1415195606044
056 1415195606219
067 1415195606394
069 1415195606584
070 1415195606751
072 1415195606974
078 1415195607188
079 1415195607381
081 1415195607566
082 1415195607801
084 1415195608042
090 1415195608231
092 1415195608426
093 1415195608596
096 1415195608932
---001 1415195791799
002 1415195794524
100 20 12 1415196045522   
099 20 12 1415196045656   
098 20 12 1415196045797   
097 20 12 1415196045952   
096 20 12 1415196046057   
095 20 12 1415196046162   
094 20 12 1415196046290   
093 20 12 1415196046452   
092 20 12 1415196046565   
091 20 12 1415196046688   
090 20 12 1415196046818   
089 20 12 1415196046952   
088 20 12 1415196047095   
087 20 12 1415196047260   
086 20 12 1415196047397   
085 20 12 1415196047528   
084 20 12 1415196047619   
083 20 12 1415196047687   
082 20 12 1415196047774   
081 20 12 1415196047855   
080 20 12 1415196048013   
079 20 12 1415196048078   
078 20 12 1415196048130   
077 20 12 1415196048215   
076 20 12 1415196048284   
075 20 12 1415196048363   
074 20 12 1415196048436   
073 20 12 1415196048515   
072 20 12 1415196048585   
071 20 12 1415196048666   
070 20 12 1415196048836   
069 20 12 1415196048918   
068 20 12 1415196049008   
067 20 12 1415196049181   
066 20 12 1415196049357   
065 20 12 1415196049439   
064 20 12 1415196049518   
063 20 12 1415196049593   
062 20 12 1415196049670   
061 20 12 1415196049811   
060 20 12 1415196049984   
059 20 12 1415196050054   
058 20 12 1415196050120   
057 20 12 1415196050277   
056 20 12 1415196050511   
055 20 12 1415196050634   
054 20 12 1415196050748   
053 20 12 1415196050905   
052 20 12 1415196050981   
051 20 12 1415196051058   
050 20 12 1415196051124   
049 20 12 1415196051189   
048 20 12 1415196051440   
047 20 12 1415196051616   
046 20 12 1415196051804   
045 20 12 1415196051889   
044 20 12 1415196051958   
043 20 12 1415196052020   
042 20 12 1415196052089   
041 20 12 1415196052166   
040 20 12 1415196052422   
039 20 12 1415196052499   
038 20 12 1415196052572   
037 20 12 1415196052636   
036 20 12 1415196052704   
035 20 12 1415196052908   
034 20 12 1415196053106   
033 20 12 1415196053269   
032 20 12 1415196053390   
031 20 12 1415196053475   
030 20 12 1415196053556   
029 20 12 1415196053633   
028 20 12 1415196053714   
027 20 12 1415196053910   
026 20 12 1415196054110   
025 20 12 1415196054279   
024 20 12 1415196054368   
023 20 12 1415196054427   
022 20 12 1415196054658   
021 20 12 1415196054826   
020 20 12 1415196055014   
019 20 12 1415196055085   
018 20 12 1415196055155   
017 20 12 1415196055258   
016 20 12 1415196055339   
015 20 12 1415196055450   
014 20 12 1415196055513   
013 20 12 1415196055575   
012 20 12 1415196055643   
011 20 12 1415196055708   
010 20 12 1415196055792   
009 20 12 1415196055855   
008 20 12 1415196055914   
007 20 12 1415196055983   
006 20 12 1415196056039   
005 20 12 1415196056102   
004 20 12 1415196056164   
003 20 12 1415196056223   
002 20 12 1415196056282   
001 20 12 1415196056340   
100 10 25 1415196076794   
099 10 25 1415196076869   
098 10 25 1415196076944   
097 10 25 1415196077019   
096 10 25 1415196077082   
095 10 25 1415196077154   
094 10 25 1415196077223   
